36 84 4516
####################################################################################
#                                                                                  #
#                                                                                  #
#                                                                                  #
#                                                                                  #
#            . . .... .                                                            #
#          .......  ...                                                            #
#..............# ..         #             . .  .                                   #
#..............#            #            .......                                   #
#..............#            #         ..............                               #
#..............#            #         ...     ...  .                               #
#..............#            #         ...         ..                               #
#..............#            #                                                      #
#..............#            #                                                      #
#..............#............#                                                      #
#..............#............#                              . .                     #
#..............#............#                            . .. .                    #
#..............#............#                            ...   .                   #
#..............#............#                                                      #
#..............#............#                                                      #
#..............#............#                                                      #
#..............#............#                                                      #
#..............#............################                     #                 #
#...........................#....................................#                 #
#...........................#....................................#                 #
#...........................#....................................#                 #
##################################################################                 #
#                                                                                  #
#                                                                                  #
#                                                                                  #
#                                                                                  #
#                                                                                  #
#                                                                                  #
#                                                                                  #
#                                                                                  #
####################################################################################
0 0 0 0 0 0 0 0 0 0 0 0 0 0 0 0 0 0 0 0 0 0 0 0 0 0 0 0 0 0 0 0 0 0 0 0 0 0 0 0 0 0 0 0 0 0 0 0 0 0 0 0 0 0 0 0 0 0 0 0 0 0 0 0 0 0 0 0 0 0 0 0 0 0 0 0 0 0 0 0 0 0 0 0 
0 4516 4516 4516 4516 4516 4516 4516 4516 4516 4516 4516 4516 4516 4516 4516 4516 4516 4516 4516 4516 4516 4516 4516 4516 4516 4516 4516 4516 4516 4516 4516 4516 4516 4516 4516 4516 4516 4516 4516 4516 4516 4516 4516 4516 4516 4516 4516 4516 4516 4516 4516 4516 4516 4516 4516 4516 4516 4516 4516 4516 4516 4516 4516 4516 4516 4516 4516 4516 4516 4516 4516 4516 4516 4516 4516 4516 4516 4516 4516 4516 4516 4516 0 
0 4516 4516 4516 4516 4516 4516 4516 4516 4516 4516 4516 4516 4516 4516 4516 4516 4516 4516 4516 4516 4516 4516 4516 4516 4516 4516 4516 4516 4516 4516 4516 4516 4516 4516 4516 4516 4516 4516 4516 4516 4516 4516 4516 4516 4516 4516 4516 4516 4516 4516 4516 4516 4516 4516 4516 4516 4516 4516 4516 4516 4516 4516 4516 4516 4516 4516 4516 4516 4516 4516 4516 4516 4516 4516 4516 4516 4516 4516 4516 4516 4516 4516 0 
0 4516 4516 4516 4516 4516 4516 4516 4516 4516 4516 4516 4516 4516 4516 4516 4516 4516 4516 4516 4516 4516 4516 4516 4516 4516 4516 4516 4516 4516 4516 4516 4516 4516 4516 4516 4516 4516 4516 4516 4516 4516 4516 4516 4516 4516 4516 4516 4516 4516 4516 4516 4516 4516 4516 4516 4516 4516 4516 4516 4516 4516 4516 4516 4516 4516 4516 4516 4516 4516 4516 4516 4516 4516 4516 4516 4516 4516 4516 4516 4516 4516 4516 0 
0 4516 4516 4516 4516 4516 4516 4516 4516 4516 4516 4516 4516 4516 4516 4516 4516 4516 4516 4516 4516 4516 4516 4516 4516 4516 4516 4516 4516 4516 4516 4516 4516 4516 4516 4516 4516 4516 4516 4516 4516 4516 4516 4516 4516 4516 4516 4516 4516 4516 4516 4516 4516 4516 4516 4516 4516 4516 4516 4516 4516 4516 4516 4516 4516 4516 4516 4516 4516 4516 4516 4516 4516 4516 4516 4516 4516 4516 4516 4516 4516 4516 4516 0 
0 4516 4516 4516 4516 4516 4516 4516 4516 4516 4516 4516 4516 4516 4516 4516 4516 4516 4516 4516 4516 4516 4516 4516 4516 4516 4516 4516 4516 4516 4516 4516 4516 4516 4516 4516 4516 4516 4516 4516 4516 4516 4516 4516 4516 4516 4516 4516 4516 4516 4516 4516 4516 4516 4516 4516 4516 4516 4516 4516 4516 4516 4516 4516 4516 4516 4516 4516 4516 4516 4516 4516 4516 4516 4516 4516 4516 4516 4516 4516 4516 4516 4516 0 
0 4516 4516 4516 4516 4516 4516 4516 4516 4516 4516 4516 4516 4516 4516 4516 4516 4516 4516 4516 4516 4516 4516 4516 4516 4516 4516 4516 4516 4516 4516 4516 4516 4516 4516 4516 4516 4516 4516 4516 4516 4516 4516 4516 4516 4516 4516 4516 4516 4516 4516 4516 4516 4516 4516 4516 4516 4516 4516 4516 4516 4516 4516 4516 4516 4516 4516 4516 4516 4516 4516 4516 4516 4516 4516 4516 4516 4516 4516 4516 4516 4516 4516 0 
0 4516 4516 4516 4516 4516 4516 4516 4516 4516 4516 4516 4516 4516 4516 0 4516 4516 4516 4516 4516 4516 4516 4516 4516 4516 4516 4516 0 4516 4516 4516 4516 4516 4516 4516 4516 4516 4516 4516 4516 4516 4516 4516 4516 4516 4516 4516 4516 4516 4516 4516 4516 4516 4516 4516 4516 4516 4516 4516 4516 4516 4516 4516 4516 4516 4516 4516 4516 4516 4516 4516 4516 4516 4516 4516 4516 4516 4516 4516 4516 4516 4516 0 
0 4516 4516 4516 4516 4516 4516 4516 4516 4516 4516 4516 4516 4516 4516 0 4516 4516 4516 4516 4516 4516 4516 4516 4516 4516 4516 4516 0 4516 4516 4516 4516 4516 4516 4516 4516 4516 4516 4516 4516 4516 4516 4516 4516 4516 4516 4516 4516 4516 4516 4516 4516 4516 4516 4516 4516 4516 4516 4516 4516 4516 4516 4516 4516 4516 4516 4516 4516 4516 4516 4516 4516 4516 4516 4516 4516 4516 4516 4516 4516 4516 4516 0 
0 4516 4516 4516 4516 4516 4516 4516 4516 4516 4516 4516 4516 4516 4516 0 4516 4516 4516 4516 4516 4516 4516 4516 4516 4516 4516 4516 0 4516 4516 4516 4516 4516 4516 4516 4516 4516 4516 4516 4516 4516 4516 4516 4516 4516 4516 4516 4516 4516 4516 4516 4516 4516 4516 4516 4516 4516 4516 4516 4516 4516 4516 4516 4516 4516 4516 4516 4516 4516 4516 4516 4516 4516 4516 4516 4516 4516 4516 4516 4516 4516 4516 0 
0 4516 4516 4516 4516 4516 4516 4516 4516 4516 4516 4516 4516 4516 4516 0 4516 4516 4516 4516 4516 4516 4516 4516 4516 4516 4516 4516 0 4516 4516 4516 4516 4516 4516 4516 4516 4516 4516 4516 4516 4516 4516 4516 4516 4516 4516 4516 4516 4516 4516 4516 4516 4516 4516 4516 4516 4516 4516 4516 4516 4516 4516 4516 4516 4516 4516 4516 4516 4516 4516 4516 4516 4516 4516 4516 4516 4516 4516 4516 4516 4516 4516 0 
0 4516 4516 4516 4516 4516 4516 4516 4516 4516 4516 4516 4516 4516 4516 0 4516 4516 4516 4516 4516 4516 4516 4516 4516 4516 4516 4516 0 4516 4516 4516 4516 4516 4516 4516 4516 4516 4516 4516 4516 4516 4516 4516 4516 4516 4516 4516 4516 4516 4516 4516 4516 4516 4516 4516 4516 4516 4516 4516 4516 4516 4516 4516 4516 4516 4516 4516 4516 4516 4516 4516 4516 4516 4516 4516 4516 4516 4516 4516 4516 4516 4516 0 
0 4516 4516 4516 4516 4516 4516 4516 4516 4516 4516 4516 4516 4516 4516 0 4516 4516 4516 4516 4516 4516 4516 4516 4516 4516 4516 4516 0 4516 4516 4516 4516 4516 4516 4516 4516 4516 4516 4516 4516 4516 4516 4516 4516 4516 4516 4516 4516 4516 4516 4516 4516 4516 4516 4516 4516 4516 4516 4516 4516 4516 4516 4516 4516 4516 4516 4516 4516 4516 4516 4516 4516 4516 4516 4516 4516 4516 4516 4516 4516 4516 4516 0 
0 4516 4516 4516 4516 4516 4516 4516 4516 4516 4516 4516 4516 4516 4516 0 4516 4516 4516 4516 4516 4516 4516 4516 4516 4516 4516 4516 0 4516 4516 4516 4516 4516 4516 4516 4516 4516 4516 4516 4516 4516 4516 4516 4516 4516 4516 4516 4516 4516 4516 4516 4516 4516 4516 4516 4516 4516 4516 4516 4516 4516 4516 4516 4516 4516 4516 4516 4516 4516 4516 4516 4516 4516 4516 4516 4516 4516 4516 4516 4516 4516 4516 0 
0 4516 4516 4516 4516 4516 4516 4516 4516 4516 4516 4516 4516 4516 4516 0 4516 4516 4516 4516 4516 4516 4516 4516 4516 4516 4516 4516 0 4516 4516 4516 4516 4516 4516 4516 4516 4516 4516 4516 4516 4516 4516 4516 4516 4516 4516 4516 4516 4516 4516 4516 4516 4516 4516 4516 4516 4516 4516 4516 4516 4516 4516 4516 4516 4516 4516 4516 4516 4516 4516 4516 4516 4516 4516 4516 4516 4516 4516 4516 4516 4516 4516 0 
0 4516 4516 4516 4516 4516 4516 4516 4516 4516 4516 4516 4516 4516 4516 0 4516 4516 4516 4516 4516 4516 4516 4516 4516 4516 4516 4516 0 4516 4516 4516 4516 4516 4516 4516 4516 4516 4516 4516 4516 4516 4516 4516 4516 4516 4516 4516 4516 4516 4516 4516 4516 4516 4516 4516 4516 4516 4516 4516 4516 4516 4516 4516 4516 4516 4516 4516 4516 4516 4516 4516 4516 4516 4516 4516 4516 4516 4516 4516 4516 4516 4516 0 
0 4516 4516 4516 4516 4516 4516 4516 4516 4516 4516 4516 4516 4516 4516 0 4516 4516 4516 4516 4516 4516 4516 4516 4516 4516 4516 4516 0 4516 4516 4516 4516 4516 4516 4516 4516 4516 4516 4516 4516 4516 4516 4516 4516 4516 4516 4516 4516 4516 4516 4516 4516 4516 4516 4516 4516 4516 4516 4516 4516 4516 4516 4516 4516 4516 4516 4516 4516 4516 4516 4516 4516 4516 4516 4516 4516 4516 4516 4516 4516 4516 4516 0 
0 4516 4516 4516 4516 4516 4516 4516 4516 4516 4516 4516 4516 4516 4516 0 4516 4516 4516 4516 4516 4516 4516 4516 4516 4516 4516 4516 0 4516 4516 4516 4516 4516 4516 4516 4516 4516 4516 4516 4516 4516 4516 4516 4516 4516 4516 4516 4516 4516 4516 4516 4516 4516 4516 4516 4516 4516 4516 4516 4516 4516 4516 4516 4516 4516 4516 4516 4516 4516 4516 4516 4516 4516 4516 4516 4516 4516 4516 4516 4516 4516 4516 0 
0 4516 4516 4516 4516 4516 4516 4516 4516 4516 4516 4516 4516 4516 4516 0 4516 4516 4516 4516 4516 4516 4516 4516 4516 4516 4516 4516 0 4516 4516 4516 4516 4516 4516 4516 4516 4516 4516 4516 4516 4516 4516 4516 4516 4516 4516 4516 4516 4516 4516 4516 4516 4516 4516 4516 4516 4516 4516 4516 4516 4516 4516 4516 4516 4516 4516 4516 4516 4516 4516 4516 4516 4516 4516 4516 4516 4516 4516 4516 4516 4516 4516 0 
0 4516 4516 4516 4516 4516 4516 4516 4516 4516 4516 4516 4516 4516 4516 0 4516 4516 4516 4516 4516 4516 4516 4516 4516 4516 4516 4516 0 4516 4516 4516 4516 4516 4516 4516 4516 4516 4516 4516 4516 4516 4516 4516 4516 4516 4516 4516 4516 4516 4516 4516 4516 4516 4516 4516 4516 4516 4516 4516 4516 4516 4516 4516 4516 4516 4516 4516 4516 4516 4516 4516 4516 4516 4516 4516 4516 4516 4516 4516 4516 4516 4516 0 
0 4516 4516 4516 4516 4516 4516 4516 4516 4516 4516 4516 4516 4516 4516 0 4516 4516 4516 4516 4516 4516 4516 4516 4516 4516 4516 4516 0 4516 4516 4516 4516 4516 4516 4516 4516 4516 4516 4516 4516 4516 4516 4516 4516 4516 4516 4516 4516 4516 4516 4516 4516 4516 4516 4516 4516 4516 4516 4516 4516 4516 4516 4516 4516 4516 4516 4516 4516 4516 4516 4516 4516 4516 4516 4516 4516 4516 4516 4516 4516 4516 4516 0 
0 4516 4516 4516 4516 4516 4516 4516 4516 4516 4516 4516 4516 4516 4516 0 4516 4516 4516 4516 4516 4516 4516 4516 4516 4516 4516 4516 0 4516 4516 4516 4516 4516 4516 4516 4516 4516 4516 4516 4516 4516 4516 4516 4516 4516 4516 4516 4516 4516 4516 4516 4516 4516 4516 4516 4516 4516 4516 4516 4516 4516 4516 4516 4516 4516 4516 4516 4516 4516 4516 4516 4516 4516 4516 4516 4516 4516 4516 4516 4516 4516 4516 0 
0 4516 4516 4516 4516 4516 4516 4516 4516 4516 4516 4516 4516 4516 4516 0 4516 4516 4516 4516 4516 4516 4516 4516 4516 4516 4516 4516 0 0 0 0 0 0 0 0 0 0 0 0 0 0 0 0 4516 4516 4516 4516 4516 4516 4516 4516 4516 4516 4516 4516 4516 4516 4516 4516 4516 4516 4516 4516 4516 0 4516 4516 4516 4516 4516 4516 4516 4516 4516 4516 4516 4516 4516 4516 4516 4516 4516 0 
0 4516 4516 4516 4516 4516 4516 4516 4516 4516 4516 4516 4516 4516 4516 4516 4516 4516 4516 4516 4516 4516 4516 4516 4516 4516 4516 4516 0 4516 4516 4516 4516 4516 4516 4516 4516 4516 4516 4516 4516 4516 4516 4516 4516 4516 4516 4516 4516 4516 4516 4516 4516 4516 4516 4516 4516 4516 4516 4516 4516 4516 4516 4516 4516 0 4516 4516 4516 4516 4516 4516 4516 4516 4516 4516 4516 4516 4516 4516 4516 4516 4516 0 
0 4516 4516 4516 4516 4516 4516 4516 4516 4516 4516 4516 4516 4516 4516 4516 4516 4516 4516 4516 4516 4516 4516 4516 4516 4516 4516 4516 0 4516 4516 4516 4516 4516 4516 4516 4516 4516 4516 4516 4516 4516 4516 4516 4516 4516 4516 4516 4516 4516 4516 4516 4516 4516 4516 4516 4516 4516 4516 4516 4516 4516 4516 4516 4516 0 4516 4516 4516 4516 4516 4516 4516 4516 4516 4516 4516 4516 4516 4516 4516 4516 4516 0 
0 4516 4516 4516 4516 4516 4516 4516 4516 4516 4516 4516 4516 4516 4516 4516 4516 4516 4516 4516 4516 4516 4516 4516 4516 4516 4516 4516 0 4516 4516 4516 4516 4516 4516 4516 4516 4516 4516 4516 4516 4516 4516 4516 4516 4516 4516 4516 4516 4516 4516 4516 4516 4516 4516 4516 4516 4516 4516 4516 4516 4516 4516 4516 4516 0 4516 4516 4516 4516 4516 4516 4516 4516 4516 4516 4516 4516 4516 4516 4516 4516 4516 0 
0 0 0 0 0 0 0 0 0 0 0 0 0 0 0 0 0 0 0 0 0 0 0 0 0 0 0 0 0 0 0 0 0 0 0 0 0 0 0 0 0 0 0 0 0 0 0 0 0 0 0 0 0 0 0 0 0 0 0 0 0 0 0 0 0 0 4516 4516 4516 4516 4516 4516 4516 4516 4516 4516 4516 4516 4516 4516 4516 4516 4516 0 
0 4516 4516 4516 4516 4516 4516 4516 4516 4516 4516 4516 4516 4516 4516 4516 4516 4516 4516 4516 4516 4516 4516 4516 4516 4516 4516 4516 4516 4516 4516 4516 4516 4516 4516 4516 4516 4516 4516 4516 4516 4516 4516 4516 4516 4516 4516 4516 4516 4516 4516 4516 4516 4516 4516 4516 4516 4516 4516 4516 4516 4516 4516 4516 4516 4516 4516 4516 4516 4516 4516 4516 4516 4516 4516 4516 4516 4516 4516 4516 4516 4516 4516 0 
0 4516 4516 4516 4516 4516 4516 4516 4516 4516 4516 4516 4516 4516 4516 4516 4516 4516 4516 4516 4516 4516 4516 4516 4516 4516 4516 4516 4516 4516 4516 4516 4516 4516 4516 4516 4516 4516 4516 4516 4516 4516 4516 4516 4516 4516 4516 4516 4516 4516 4516 4516 4516 4516 4516 4516 4516 4516 4516 4516 4516 4516 4516 4516 4516 4516 4516 4516 4516 4516 4516 4516 4516 4516 4516 4516 4516 4516 4516 4516 4516 4516 4516 0 
0 4516 4516 4516 4516 4516 4516 4516 4516 4516 4516 4516 4516 4516 4516 4516 4516 4516 4516 4516 4516 4516 4516 4516 4516 4516 4516 4516 4516 4516 4516 4516 4516 4516 4516 4516 4516 4516 4516 4516 4516 4516 4516 4516 4516 4516 4516 4516 4516 4516 4516 4516 4516 4516 4516 4516 4516 4516 4516 4516 4516 4516 4516 4516 4516 4516 4516 4516 4516 4516 4516 4516 4516 4516 4516 4516 4516 4516 4516 4516 4516 4516 4516 0 
0 4516 4516 4516 4516 4516 4516 4516 4516 4516 4516 4516 4516 4516 4516 4516 4516 4516 4516 4516 4516 4516 4516 4516 4516 4516 4516 4516 4516 4516 4516 4516 4516 4516 4516 4516 4516 4516 4516 4516 4516 4516 4516 4516 4516 4516 4516 4516 4516 4516 4516 4516 4516 4516 4516 4516 4516 4516 4516 4516 4516 4516 4516 4516 4516 4516 4516 4516 4516 4516 4516 4516 4516 4516 4516 4516 4516 4516 4516 4516 4516 4516 4516 0 
0 4516 4516 4516 4516 4516 4516 4516 4516 4516 4516 4516 4516 4516 4516 4516 4516 4516 4516 4516 4516 4516 4516 4516 4516 4516 4516 4516 4516 4516 4516 4516 4516 4516 4516 4516 4516 4516 4516 4516 4516 4516 4516 4516 4516 4516 4516 4516 4516 4516 4516 4516 4516 4516 4516 4516 4516 4516 4516 4516 4516 4516 4516 4516 4516 4516 4516 4516 4516 4516 4516 4516 4516 4516 4516 4516 4516 4516 4516 4516 4516 4516 4516 0 
0 4516 4516 4516 4516 4516 4516 4516 4516 4516 4516 4516 4516 4516 4516 4516 4516 4516 4516 4516 4516 4516 4516 4516 4516 4516 4516 4516 4516 4516 4516 4516 4516 4516 4516 4516 4516 4516 4516 4516 4516 4516 4516 4516 4516 4516 4516 4516 4516 4516 4516 4516 4516 4516 4516 4516 4516 4516 4516 4516 4516 4516 4516 4516 4516 4516 4516 4516 4516 4516 4516 4516 4516 4516 4516 4516 4516 4516 4516 4516 4516 4516 4516 0 
0 4516 4516 4516 4516 4516 4516 4516 4516 4516 4516 4516 4516 4516 4516 4516 4516 4516 4516 4516 4516 4516 4516 4516 4516 4516 4516 4516 4516 4516 4516 4516 4516 4516 4516 4516 4516 4516 4516 4516 4516 4516 4516 4516 4516 4516 4516 4516 4516 4516 4516 4516 4516 4516 4516 4516 4516 4516 4516 4516 4516 4516 4516 4516 4516 4516 4516 4516 4516 4516 4516 4516 4516 4516 4516 4516 4516 4516 4516 4516 4516 4516 4516 0 
0 4516 4516 4516 4516 4516 4516 4516 4516 4516 4516 4516 4516 4516 4516 4516 4516 4516 4516 4516 4516 4516 4516 4516 4516 4516 4516 4516 4516 4516 4516 4516 4516 4516 4516 4516 4516 4516 4516 4516 4516 4516 4516 4516 4516 4516 4516 4516 4516 4516 4516 4516 4516 4516 4516 4516 4516 4516 4516 4516 4516 4516 4516 4516 4516 4516 4516 4516 4516 4516 4516 4516 4516 4516 4516 4516 4516 4516 4516 4516 4516 4516 4516 0 
0 0 0 0 0 0 0 0 0 0 0 0 0 0 0 0 0 0 0 0 0 0 0 0 0 0 0 0 0 0 0 0 0 0 0 0 0 0 0 0 0 0 0 0 0 0 0 0 0 0 0 0 0 0 0 0 0 0 0 0 0 0 0 0 0 0 0 0 0 0 0 0 0 0 0 0 0 0 0 0 0 0 0 0 
0 0 0 0 0 0 0 0 0 0 0 0 0 0 0 0 0 0 0 0 0 0 0 0 0 0 0 0 0 0 0 0 0 0 0 0 0 0 0 0 0 0 0 0 0 0 0 0 0 0 0 0 0 0 0 0 0 0 0 0 0 0 0 0 0 0 0 0 0 0 0 0 0 0 0 0 0 0 0 0 0 0 0 0 
0 0 0 0 0 0 0 0 0 0 0 0 0 0 0 0 0 0 0 0 0 0 0 0 0 0 0 0 0 0 0 0 0 0 0 0 0 0 0 0 0 0 0 0 0 0 0 0 0 0 0 0 0 0 0 0 0 0 0 0 0 0 0 0 0 0 0 0 0 0 0 0 0 0 0 0 0 0 0 0 0 0 0 0 
0 0 0 0 0 0 0 0 0 0 0 0 0 0 0 0 0 0 0 0 0 0 0 0 0 0 0 0 0 0 0 0 0 0 0 0 0 0 0 0 0 0 0 0 0 0 0 0 0 0 0 0 0 0 0 0 0 0 0 0 0 0 0 0 0 0 0 0 0 0 0 0 0 0 0 0 0 0 0 0 0 0 0 0 
0 0 0 0 0 0 0 0 0 0 0 0 0 0 0 0 0 0 0 0 0 0 0 0 0 0 0 0 0 0 0 0 0 0 0 0 0 0 0 0 0 0 0 0 0 0 0 0 0 0 0 0 0 0 0 0 0 0 0 0 0 0 0 0 0 0 0 0 0 0 0 0 0 0 0 0 0 0 0 0 0 0 0 0 
0 0 0 0 0 0 0 0 0 0 0 0 0 0 0 0 0 0 0 0 0 0 0 0 0 0 0 0 0 0 0 0 0 0 0 0 0 0 0 0 0 0 0 0 0 0 0 0 0 0 0 0 0 0 0 0 0 0 0 0 0 0 0 0 0 0 0 0 0 0 0 0 0 0 0 0 0 0 0 0 0 0 0 0 
0 0 0 0 0 0 0 0 0 0 0 0 0 0 0 0 0 0 0 0 0 0 0 0 0 0 0 0 0 0 0 0 0 0 0 0 0 0 0 0 0 0 0 0 0 0 0 0 0 0 0 0 0 0 0 0 0 0 0 0 0 0 0 0 0 0 0 0 0 0 0 0 0 0 0 0 0 0 0 0 0 0 0 0 
0 0 0 0 0 0 0 0 0 0 0 0 0 0 0 0 0 0 0 0 0 0 0 0 0 0 0 0 0 0 0 0 0 0 0 0 0 0 0 0 0 0 0 0 0 0 0 0 0 0 0 0 0 0 0 0 0 0 0 0 0 0 0 0 0 0 0 0 0 0 0 0 0 0 0 0 0 0 0 0 0 0 0 0 
0 0 0 0 0 0 0 0 0 0 0 0 0 0 0 0 0 0 0 0 0 0 0 0 0 0 0 0 0 0 0 0 0 0 0 0 0 0 0 0 0 0 0 0 0 0 0 0 0 0 0 0 0 0 0 0 0 0 0 0 0 0 0 0 0 0 0 0 0 0 0 0 0 0 0 0 0 0 0 0 0 0 0 0 
0 0 0 0 0 0 0 0 0 0 0 0 0 0 0 0 0 0 0 0 0 0 0 0 0 0 0 0 0 0 0 0 0 0 0 0 0 0 0 0 0 0 0 0 0 0 0 0 0 0 0 0 0 0 0 0 0 0 0 0 0 0 0 0 0 0 0 0 0 0 0 0 0 0 0 0 0 0 0 0 0 0 0 0 
0 0 0 0 0 0 0 0 0 0 0 0 0 0 0 0 0 0 0 0 0 0 0 0 0 0 0 0 0 0 0 0 0 0 0 0 0 0 0 0 0 0 0 0 0 0 0 0 0 0 0 0 0 0 0 0 0 0 0 0 0 0 0 0 0 0 0 0 0 0 0 0 0 0 0 0 0 0 0 0 0 0 0 0 
0 0 0 0 0 0 0 0 0 0 0 0 0 0 0 0 0 0 0 0 0 0 0 0 0 0 0 0 0 0 0 0 0 0 0 0 0 0 0 0 0 0 0 0 0 0 0 0 0 0 0 0 0 0 0 0 0 0 0 0 0 0 0 0 0 0 0 0 0 0 0 0 0 0 0 0 0 0 0 0 0 0 0 0 
0 0 0 0 0 0 0 0 0 0 0 0 0 0 0 0 0 0 0 0 0 0 0 0 0 0 0 0 0 0 0 0 0 0 0 0 0 0 0 0 0 0 0 0 0 0 0 0 0 0 0 0 0 0 0 0 0 0 0 0 0 0 0 0 0 0 0 0 0 0 0 0 0 0 0 0 0 0 0 0 0 0 0 0 
0 0 0 0 0 0 0 0 0 0 0 0 0 0 0 0 0 0 0 0 0 0 0 0 0 0 0 0 0 0 0 0 0 0 0 0 0 0 0 0 0 0 0 0 0 0 0 0 0 0 0 0 0 0 0 0 0 0 0 0 0 0 0 0 0 0 0 0 0 0 0 0 0 0 0 0 0 0 0 0 0 0 0 0 
0 0 0 0 0 0 0 0 0 0 0 0 0 0 0 0 0 0 0 0 0 0 0 0 0 0 0 0 0 0 0 0 0 0 0 0 0 0 0 0 0 0 0 0 0 0 0 0 0 0 0 0 0 0 0 0 0 0 0 0 0 0 0 0 0 0 0 0 0 0 0 0 0 0 0 0 0 0 0 0 0 0 0 0 
0 0 0 0 0 0 0 0 0 0 0 0 0 0 0 0 0 0 0 0 0 0 0 0 0 0 0 0 0 0 0 0 0 0 0 0 0 0 0 0 0 0 0 0 0 0 0 0 0 0 0 0 0 0 0 0 0 0 0 0 0 0 0 0 0 0 0 0 0 0 0 0 0 0 0 0 0 0 0 0 0 0 0 0 
0 0 0 0 0 0 0 0 0 0 0 0 0 0 0 0 0 0 0 0 0 0 0 0 0 0 0 0 0 0 0 0 0 0 0 0 0 0 0 0 0 0 0 0 0 0 0 0 0 0 0 0 0 0 0 0 0 0 0 0 0 0 0 0 0 0 0 0 0 0 0 0 0 0 0 0 0 0 0 0 0 0 0 0 
0 0 0 0 0 0 0 0 0 0 0 0 0 0 0 0 0 0 0 0 0 0 0 0 0 0 0 0 0 0 0 0 0 0 0 0 0 0 0 0 0 0 0 0 0 0 0 0 0 0 0 0 0 0 0 0 0 0 0 0 0 0 0 0 0 0 0 0 0 0 0 0 0 0 0 0 0 0 0 0 0 0 0 0 
0 0 0 0 0 0 0 0 0 0 0 0 0 0 0 0 0 0 0 0 0 0 0 0 0 0 0 0 0 0 0 0 0 0 0 0 0 0 0 0 0 0 0 0 0 0 0 0 0 0 0 0 0 0 0 0 0 0 0 0 0 0 0 0 0 0 0 0 0 0 0 0 0 0 0 0 0 0 0 0 0 0 0 0 
0 0 0 0 0 0 0 0 0 0 0 0 0 0 0 0 0 0 0 0 0 0 0 0 0 0 0 0 0 0 0 0 0 0 0 0 0 0 0 0 0 0 0 0 0 0 0 0 0 0 0 0 0 0 0 0 0 0 0 0 0 0 0 0 0 0 0 0 0 0 0 0 0 0 0 0 0 0 0 0 0 0 0 0 
0 0 0 0 0 0 0 0 0 0 0 0 0 0 0 0 0 0 0 0 0 0 0 0 0 0 0 0 0 0 0 0 0 0 0 0 0 0 0 0 0 0 0 0 0 0 0 0 0 0 0 0 0 0 0 0 0 0 0 0 0 0 0 0 0 0 0 0 0 0 0 0 0 0 0 0 0 0 0 0 0 0 0 0 
0 0 0 0 0 0 0 0 0 0 0 0 0 0 0 0 0 0 0 0 0 0 0 0 0 0 0 0 0 0 0 0 0 0 0 0 0 0 0 0 0 0 0 0 0 0 0 0 0 0 0 0 0 0 0 0 0 0 0 0 0 0 0 0 0 0 0 0 0 0 0 0 0 0 0 0 0 0 0 0 0 0 0 0 
0 0 0 0 0 0 0 0 0 0 0 0 0 0 0 0 0 0 0 0 0 0 0 0 0 0 0 0 0 0 0 0 0 0 0 0 0 0 0 0 0 0 0 0 0 0 0 0 0 0 0 0 0 0 0 0 0 0 0 0 0 0 0 0 0 0 0 0 0 0 0 0 0 0 0 0 0 0 0 0 0 0 0 0 
0 0 0 0 0 0 0 0 0 0 0 0 0 0 0 0 0 0 0 0 0 0 0 0 0 0 0 0 0 0 0 0 0 0 0 0 0 0 0 0 0 0 0 0 0 0 0 0 0 0 0 0 0 0 0 0 0 0 0 0 0 0 0 0 0 0 0 0 0 0 0 0 0 0 0 0 0 0 0 0 0 0 0 0 
0 0 0 0 0 0 0 0 0 0 0 0 0 0 0 0 0 0 0 0 0 0 0 0 0 0 0 0 0 0 0 0 0 0 0 0 0 0 0 0 0 0 0 0 0 0 0 0 0 0 0 0 0 0 0 0 0 0 0 0 0 0 0 0 0 0 0 0 0 0 0 0 0 0 0 0 0 0 0 0 0 0 0 0 
0 0 0 0 0 0 0 0 0 0 0 0 0 0 0 0 0 0 0 0 0 0 0 0 0 0 0 0 0 0 0 0 0 0 0 0 0 0 0 0 0 0 0 0 0 0 0 0 0 0 0 0 0 0 0 0 0 0 0 0 0 0 0 0 0 0 0 0 0 0 0 0 0 0 0 0 0 0 0 0 0 0 0 0 
0 0 0 0 0 0 0 0 0 0 0 0 0 0 0 0 0 0 0 0 0 0 0 0 0 0 0 0 0 0 0 0 0 0 0 0 0 0 0 0 0 0 0 0 0 0 0 0 0 0 0 0 0 0 0 0 0 0 0 0 0 0 0 0 0 0 0 0 0 0 0 0 0 0 0 0 0 0 0 0 0 0 0 0 
0 0 0 0 0 0 0 0 0 0 0 0 0 0 0 0 0 0 0 0 0 0 0 0 0 0 0 0 0 0 0 0 0 0 0 0 0 0 0 0 0 0 0 0 0 0 0 0 0 0 0 0 0 0 0 0 0 0 0 0 0 0 0 0 0 0 0 0 0 0 0 0 0 0 0 0 0 0 0 0 0 0 0 0 
0 0 0 0 0 0 0 0 0 0 0 0 0 0 0 0 0 0 0 0 0 0 0 0 0 0 0 0 0 0 0 0 0 0 0 0 0 0 0 0 0 0 0 0 0 0 0 0 0 0 0 0 0 0 0 0 0 0 0 0 0 0 0 0 0 0 0 0 0 0 0 0 0 0 0 0 0 0 0 0 0 0 0 0 
0 0 0 0 0 0 0 0 0 0 0 0 0 0 0 0 0 0 0 0 0 0 0 0 0 0 0 0 0 0 0 0 0 0 0 0 0 0 0 0 0 0 0 0 0 0 0 0 0 0 0 0 0 0 0 0 0 0 0 0 0 0 0 0 0 0 0 0 0 0 0 0 0 0 0 0 0 0 0 0 0 0 0 0 
0 0 0 0 0 0 0 0 0 0 0 0 0 0 0 0 0 0 0 0 0 0 0 0 0 0 0 0 0 0 0 0 0 0 0 0 0 0 0 0 0 0 0 0 0 0 0 0 0 0 0 0 0 0 0 0 0 0 0 0 0 0 0 0 0 0 0 0 0 0 0 0 0 0 0 0 0 0 0 0 0 0 0 0 
0 0 0 0 0 0 0 0 0 0 0 0 0 0 0 0 0 0 0 0 0 0 0 0 0 0 0 0 0 0 0 0 0 0 0 0 0 0 0 0 0 0 0 0 0 0 0 0 0 0 0 0 0 0 0 0 0 0 0 0 0 0 0 0 0 0 0 0 0 0 0 0 0 0 0 0 0 0 0 0 0 0 0 0 
0 0 0 0 0 0 0 0 0 0 0 0 0 0 0 0 0 0 0 0 0 0 0 0 0 0 0 0 0 0 0 0 0 0 0 0 0 0 0 0 0 0 0 0 0 0 0 0 0 0 0 0 0 0 0 0 0 0 0 0 0 0 0 0 0 0 0 0 0 0 0 0 0 0 0 0 0 0 0 0 0 0 0 0 
0 0 0 0 0 0 0 0 0 0 0 0 0 0 0 0 0 0 0 0 0 0 0 0 0 0 0 0 0 0 0 0 0 0 0 0 0 0 0 0 0 0 0 0 0 0 0 0 0 0 0 0 0 0 0 0 0 0 0 0 0 0 0 0 0 0 0 0 0 0 0 0 0 0 0 0 0 0 0 0 0 0 0 0 
0 0 0 0 0 0 0 0 0 0 0 0 0 0 0 0 0 0 0 0 0 0 0 0 0 0 0 0 0 0 0 0 0 0 0 0 0 0 0 0 0 0 0 0 0 0 0 0 0 0 0 0 0 0 0 0 0 0 0 0 0 0 0 0 0 0 0 0 0 0 0 0 0 0 0 0 0 0 0 0 0 0 0 0 
0 0 0 0 0 0 0 0 0 0 0 0 0 0 0 0 0 0 0 0 0 0 0 0 0 0 0 0 0 0 0 0 0 0 0 0 0 0 0 0 0 0 0 0 0 0 0 0 0 0 0 0 0 0 0 0 0 0 0 0 0 0 0 0 0 0 0 0 0 0 0 0 0 0 0 0 0 0 0 0 0 0 0 0 
0 0 0 0 0 0 0 0 0 0 0 0 0 0 0 0 0 0 0 0 0 0 0 0 0 0 0 0 0 0 0 0 0 0 0 0 0 0 0 0 0 0 0 0 0 0 0 0 0 0 0 0 0 0 0 0 0 0 0 0 0 0 0 0 0 0 0 0 0 0 0 0 0 0 0 0 0 0 0 0 0 0 0 0 
0 0 0 0 0 0 0 0 0 0 0 0 0 0 0 0 0 0 0 0 0 0 0 0 0 0 0 0 0 0 0 0 0 0 0 0 0 0 0 0 0 0 0 0 0 0 0 0 0 0 0 0 0 0 0 0 0 0 0 0 0 0 0 0 0 0 0 0 0 0 0 0 0 0 0 0 0 0 0 0 0 0 0 0 
0 0 0 0 0 0 0 0 0 0 0 0 0 0 0 0 0 0 0 0 0 0 0 0 0 0 0 0 0 0 0 0 0 0 0 0 0 0 0 0 0 0 0 0 0 0 0 0 0 0 0 0 0 0 0 0 0 0 0 0 0 0 0 0 0 0 0 0 0 0 0 0 0 0 0 0 0 0 0 0 0 0 0 0 
0 0 0 0 0 0 0 0 0 0 0 0 0 0 0 0 0 0 0 0 0 0 0 0 0 0 0 0 0 0 0 0 0 0 0 0 0 0 0 0 0 0 0 0 0 0 0 0 0 0 0 0 0 0 0 0 0 0 0 0 0 0 0 0 0 0 0 0 0 0 0 0 0 0 0 0 0 0 0 0 0 0 0 0 
0 0 0 0 0 0 0 0 0 0 0 0 0 0 0 0 0 0 0 0 0 0 0 0 0 0 0 0 0 0 0 0 0 0 0 0 0 0 0 0 0 0 0 0 0 0 0 0 0 0 0 0 0 0 0 0 0 0 0 0 0 0 0 0 0 0 0 0 0 0 0 0 0 0 0 0 0 0 0 0 0 0 0 0 
0 0 0 0 0 0 0 0 0 0 0 0 0 0 0 0 0 0 0 0 0 0 0 0 0 0 0 0 0 0 0 0 0 0 0 0 0 0 0 0 0 0 0 0 0 0 0 0 0 0 0 0 0 0 0 0 0 0 0 0 0 0 0 0 0 0 0 0 0 0 0 0 0 0 0 0 0 0 0 0 0 0 0 0 
0 0 0 0 0 0 0 0 0 0 0 0 0 0 0 0 0 0 0 0 0 0 0 0 0 0 0 0 0 0 0 0 0 0 0 0 0 0 0 0 0 0 0 0 0 0 0 0 0 0 0 0 0 0 0 0 0 0 0 0 0 0 0 0 0 0 0 0 0 0 0 0 0 0 0 0 0 0 0 0 0 0 0 0 
0 0 0 0 0 0 0 0 0 0 0 0 0 0 0 0 0 0 0 0 0 0 0 0 0 0 0 0 0 0 0 0 0 0 0 0 0 0 0 0 0 0 0 0 0 0 0 0 0 0 0 0 0 0 0 0 0 0 0 0 0 0 0 0 0 0 0 0 0 0 0 0 0 0 0 0 0 0 0 0 0 0 0 0 
0 0 0 0 0 0 0 0 0 0 0 0 0 0 0 0 0 0 0 0 0 0 0 0 0 0 0 0 0 0 0 0 0 0 0 0 0 0 0 0 0 0 0 0 0 0 0 0 0 0 0 0 0 0 0 0 0 0 0 0 0 0 0 0 0 0 0 0 0 0 0 0 0 0 0 0 0 0 0 0 0 0 0 0 
0 0 0 0 0 0 0 0 0 0 0 0 0 0 0 0 0 0 0 0 0 0 0 0 0 0 0 0 0 0 0 0 0 0 0 0 0 0 0 0 0 0 0 0 0 0 0 0 0 0 0 0 0 0 0 0 0 0 0 0 0 0 0 0 0 0 0 0 0 0 0 0 0 0 0 0 0 0 0 0 0 0 0 0 
0 0 0 0 0 0 0 0 0 0 0 0 0 0 0 0 0 0 0 0 0 0 0 0 0 0 0 0 0 0 0 0 0 0 0 0 0 0 0 0 0 0 0 0 0 0 0 0 0 0 0 0 0 0 0 0 0 0 0 0 0 0 0 0 0 0 0 0 0 0 0 0 0 0 0 0 0 0 0 0 0 0 0 0 
0 0 0 0 0 0 0 0 0 0 0 0 0 0 0 0 0 0 0 0 0 0 0 0 0 0 0 0 0 0 0 0 0 0 0 0 0 0 0 0 0 0 0 0 0 0 0 0 0 0 0 0 0 0 0 0 0 0 0 0 0 0 0 0 0 0 0 0 0 0 0 0 0 0 0 0 0 0 0 0 0 0 0 0 
0 0 0 0 0 0 0 0 0 0 0 0 0 0 0 0 0 0 0 0 0 0 0 0 0 0 0 0 0 0 0 0 0 0 0 0 0 0 0 0 0 0 0 0 0 0 0 0 0 0 0 0 0 0 0 0 0 0 0 0 0 0 0 0 0 0 0 0 0 0 0 0 0 0 0 0 0 0 0 0 0 0 0 0 
0 0 0 0 0 0 0 0 0 0 0 0 0 0 0 0 0 0 0 0 0 0 0 0 0 0 0 0 0 0 0 0 0 0 0 0 0 0 0 0 0 0 0 0 0 0 0 0 0 0 0 0 0 0 0 0 0 0 0 0 0 0 0 0 0 0 0 0 0 0 0 0 0 0 0 0 0 0 0 0 0 0 0 0 
0 8.21875 8.78906 9.42969 10.9844 12.4922 15.0859 17.3203 20.8828 23.5859 27.8203 30.8359 35.2969 38.7969 42.8516 46.6953 49.125 51.9062 52.2344 52.9453 52.0312 50.4141 48.5 44.9297 41.625 37.3203 33.2422 29.4141 25.8281 23.1953 20.9453 19.7812 18.9375 19.1016 19.1953 20.1797 20.4531 21.5703 21.5312 22.1641 21.8281 21.7812 21.4688 21.0078 20.9219 20.4141 20.5781 20.1172 20.4141 19.8281 19.875 18.8828 18.4219 16.9766 16.0312 14.375 13.1953 11.5859 10.4453 9.03125 8.07812 6.90625 6.17188 5.22656 4.67969 3.89844 3.48438 2.85156 2.52344 2.02344 1.75 1.36719 1.15625 0.867188 0.710938 0.515625 0.398438 0.289062 0.210938 0.132812 0.101562 0.0703125 0.0625 0 
0 8.20312 8.39844 9.4375 10.5391 12.6016 14.5547 17.6797 20.2969 24.3125 27.2812 31.6875 34.9844 39.375 43.3359 46.8984 50.6406 51.8672 53.6094 53.3438 52.8906 51.9219 49.0469 46.75 42.3203 38.3906 33.8672 29.7109 26.25 23.1719 21.2422 19.7578 19.3984 19.2266 20.0547 20.4141 21.7578 21.8984 22.9609 22.6328 22.9453 22.4688 22.1172 21.8906 21.3281 21.3438 20.9219 21.1953 20.8438 21.0703 20.4297 20.2031 18.9688 18.1641 16.4766 15.2812 13.5156 12.2656 10.6641 9.5625 8.22656 7.34375 6.27344 5.59375 4.73438 4.22656 3.5 3.125 2.52344 2.21875 1.75 1.49219 1.14844 0.960938 0.710938 0.5625 0.414062 0.304688 0.21875 0.15625 0.101562 0.0703125 0.0546875 0 
0 7.75 8.28125 8.92969 10.4453 12 14.6172 17.1094 20.8516 23.9844 28.3594 31.5938 35.9844 39.6094 43.9609 48.6328 51.1406 53.8438 54.1641 54.7344 54.6172 53.1875 52.0859 48.5469 45.4609 40.0312 35.4766 30.8672 26.8359 23.8828 21.5156 20.5156 19.8828 20.5469 20.9062 22.5469 22.9141 24.6172 24.3359 25.2344 24.4766 24.3359 23.8281 23.1953 23.0703 22.5156 22.6875 22.5625 22.9297 22.8047 22.8281 22.0312 21.3594 19.7734 18.5078 16.5234 15.0625 13.1797 11.8359 10.2344 9.14844 7.875 7.03125 6.00781 5.36719 4.52344 4.03906 3.32031 2.9375 2.35156 2.04688 1.59375 1.34375 1.01562 0.828125 0.609375 0.46875 0.351562 0.242188 0.164062 0.132812 0.078125 0.0703125 0 
0 7.54688 7.73438 8.67969 9.75 11.7422 13.8672 17.1953 20.4844 24.9766 28.5859 32.8438 36.3984 40.0156 44.8281 49.2812 54.9688 54.3203 55.3828 55.625 55.6406 56.1094 53.625 54.0078 48.5312 43.7656 37.5312 32.5469 28.0469 24.4453 22.4219 21.1172 21.3828 21.6797 23.5547 24.3203 26.7969 26.8203 28.6562 27.5156 27.9766 26.7266 26.0547 25.7266 24.8828 24.8047 24.6328 25.1172 25.6562 25.9766 26.0078 25.5781 24.4609 23.1094 20.9688 19.1875 16.8594 15.1641 13.1719 11.7656 10.1875 9.09375 7.85938 7.02344 6 5.375 4.49219 4.00781 3.25781 2.86719 2.25781 1.9375 1.48438 1.23438 0.914062 0.734375 0.539062 0.398438 0.289062 0.210938 0.132812 0.109375 0.078125 0 
0 7.02344 7.42188 7.98438 9.26562 10.7969 13.3594 16.3359 20.8125 25.2422 30.5156 33.4609 38.1016 38.9062 52.1875 67.0547 55.7344 57.7031 56.7266 57.0625 57.8203 57.9766 58.6484 60.4609 55.7891 47.125 40.9375 34.6094 29.2422 25.3281 22.8828 22.4297 22.4766 24.375 25.6016 28.8984 29.7812 32.8359 31.6953 33.1406 30.8125 30.3281 28.8828 27.9609 32.9844 27.0703 27.0938 28.2031 29.2031 30.3125 30.2266 30.2109 29.0391 27.2266 25.0312 22.2031 19.9375 17.3359 15.4531 13.4375 11.9766 10.4375 9.32031 8.10938 7.24219 6.19531 5.52344 4.58594 4.04688 3.26562 2.82031 2.19531 1.85156 1.39062 1.14844 0.828125 0.640625 0.46875 0.351562 0.242188 0.1875 0.125 0.125 0 
0 6.71875 6.84375 7.44531 8.3125 9.875 11.9375 15.2969 20.2266 26.4844 34.0078 36.6484 49.7109 87.7344 45.0469 91.8438 77.9062 121.43 141.039 142.5 119.367 78.8594 85.1484 74.2812 62.5391 52.6641 43.7188 37.6641 30.4141 25.2344 23.5703 23.0781 24.7031 26.25 30.1562 32.4062 36.9062 37.125 39.3281 36.2266 36.5234 33.0703 31.1172 37.2656 30.9531 34.9922 29.2578 31.6094 34.0703 35.5391 35.9141 35.3047 34.9766 32.7188 29.7422 26.6562 23.2188 20.5859 17.8906 15.9062 13.9297 12.4219 10.9297 9.75781 8.51562 7.58594 6.46875 5.71875 4.71094 4.09375 3.25 2.76562 2.11719 1.75 1.28906 1.03906 0.742188 0.578125 0.398438 0.3125 0.21875 0.171875 0.132812 0 
0 6.38281 6.44531 6.72656 7.375 8.39844 10.0312 12.4453 19.3594 28.9375 49.8828 98.5859 130.672 158.836 171.602 0 171.625 179.359 152.305 147.953 180.391 142.789 116.281 87.4375 68.5859 55.0547 47.1953 42.2266 0 23.6562 23.1406 24.4062 25.9766 30.0391 33.5156 39.4922 42.8359 50.3438 45.0547 44.1484 39.4375 36.4688 34.9375 41 39.5625 33.3438 36.4219 47.6875 40.4531 41.375 41.9688 42.0781 41.3047 39.6719 35.8359 31.4531 27.7109 23.9531 21.1719 18.5234 16.4922 14.625 13.0547 11.5859 10.3281 9.01562 7.96875 6.74219 5.88281 4.77344 4.07812 3.17969 2.64844 1.99219 1.61719 1.17188 0.921875 0.648438 0.5 0.351562 0.273438 0.203125 0.1875 0 
0 100.68 101.547 100.445 101.555 102.586 103.867 105.953 114.312 123.984 146.203 179.875 211.719 235.023 250.008 0 165.039 183.078 175.875 144.188 133.164 120.656 104.164 83.2344 66.7969 55.25 47.2656 44.1328 0 22.6797 23.5625 24.8438 28.5234 32.4453 39.2891 45.9297 56.7812 65 67.1719 47.7344 45.4844 44.9297 66.8828 62.4297 80.0781 51.6797 32.4141 65.9609 46.4922 48.6875 46.625 46.8906 51.1484 47.6016 42.9531 37.5234 32.2422 28.2266 24.5469 21.7891 19.3203 17.2812 15.4844 13.8516 12.3281 10.9297 9.48438 8.28125 6.91406 5.89844 4.71875 3.95312 3.02344 2.46875 1.82031 1.45312 1.03906 0.8125 0.554688 0.4375 0.304688 0.257812 0.203125 0 
0 195.969 193.945 194.719 196.172 196.898 198.234 200.398 206.516 218.648 239.594 267.422 292.836 314.422 329.141 0 138.258 142.352 134.711 123.305 111.555 100.922 87.8984 73.6562 61.5391 51.6562 46.1328 42.9297 0 22.7734 23.3516 26.1641 29.6484 36.1875 43.9922 53.9688 73.2031 82.5469 68.6406 56.3594 62.2188 108.547 129.078 146.508 154.711 149.328 138.094 113.188 67.4219 61.5 54.7891 54.4141 62.2109 59.6797 51.1719 43.7031 37.6719 32.4219 28.5859 25.2109 22.5703 20.25 18.2422 16.4531 14.7109 13.0469 11.4453 9.78906 8.39844 6.875 5.76562 4.50781 3.6875 2.77344 2.21875 1.60156 1.25781 0.882812 0.6875 0.46875 0.382812 0.273438 0.265625 0 
0 287.969 288.125 289.797 288.648 289.602 290.977 293.375 301.055 313.289 332.375 355.906 379.438 398.258 411.539 0 114.023 112.859 108.07 100.445 91.2031 83.7422 73.0312 63.8516 54.1797 47.7578 42.7422 40.9531 0 22.2422 23.7891 26.2031 31.4609 38.1797 48.2734 62.5547 84.7188 107.555 149.867 141.531 155.367 195.258 206.367 213.703 219.508 222.766 212.672 191.5 171.836 162.602 150.445 127.969 94.3516 72.4609 60.2031 50.4141 42.6719 37.2188 32.6016 29.1328 26.0312 23.5625 21.375 19.3672 17.4688 15.5078 13.5625 11.7031 9.80469 8.23438 6.58594 5.40625 4.14062 3.32031 2.45312 1.92969 1.375 1.05469 0.734375 0.5625 0.40625 0.34375 0.273438 0 
0 382.281 382.453 382.352 383.086 384.086 385.508 388.43 395.664 407.891 426.125 444.328 465.07 483.227 496.766 0 94.9922 91.7891 88.4922 81.7344 76.5781 68.3828 62.0625 53.9844 48.0625 42.5234 39.4531 37.7656 0 22.2109 23.1719 26.6875 31.4297 39.5703 51.0703 65.0625 88.2734 131.398 175.758 192.188 203.516 193.781 192.438 195.68 199.453 207.594 228.711 223.656 206.719 172.906 160.508 151.328 115.922 82.2812 67.7422 55.6406 47.875 41.6953 37.1875 33.0859 29.9219 27.0547 24.8047 22.7031 20.5547 18.3359 16.0156 13.6953 11.5469 9.44531 7.75 6.05469 4.85156 3.64844 2.85938 2.07812 1.60156 1.125 0.859375 0.609375 0.476562 0.359375 0.34375 0 
0 476.648 476.906 476.578 477.656 478.547 480.148 483.766 489.914 502.477 519.938 537.508 554.211 569.805 583.117 0 79.1094 77.4297 73.0781 69.1016 63.0469 58.1328 51.8047 46.8281 41.7266 38.3203 35.7734 34.9375 0 21.1797 22.8828 25.6484 31.3203 38.7969 49.9609 66.7734 96.5156 121.328 191.805 207.5 202.758 178.148 174.008 173.562 176.594 181.258 186.992 185.406 173.703 159.781 181.758 142.977 116.078 86.8203 71.0156 59.875 52.2031 46.5469 41.7266 38.375 33.8594 30.8594 28.4219 26.4453 24.1094 21.5156 18.7109 15.9297 13.2578 10.8828 8.67188 6.94531 5.3125 4.15625 3.07812 2.35938 1.70312 1.28906 0.90625 0.6875 0.5 0.421875 0.34375 0 
0 571.016 571.68 570.805 572.383 573.094 572.641 575.406 585.367 595.406 609.695 626.305 640.953 657.633 666.984 0 69.0703 66.2344 62.9844 58.4062 54.125 49.0859 44.7656 40.3906 37.0938 34.4062 32.9609 32.4062 0 20.4844 21.4766 24.8516 29.4141 37.0781 47.0547 60.5938 79.7344 111.984 129.852 147.156 151.453 150.938 149.25 150.594 151.469 153.82 155 152.281 146.453 138.672 129.219 127.531 98.5078 85.0547 70.7422 62.7109 56.0703 51.4844 48.4531 42.7422 39.4531 34.5391 32.375 30.4453 28.2969 25.0547 21.7031 18.2344 15.0625 12.1641 9.73438 7.57031 5.91406 4.45312 3.41406 2.49219 1.88281 1.34375 1 0.71875 0.554688 0.429688 0.398438 0 
0 666.43 664.242 665.859 664.906 665.844 667.258 670.727 678.203 687.703 701.016 713.992 729.258 743.242 754.07 0 63.125 59.6719 55.7734 51.6016 47.2031 43.0312 39.1172 35.8828 33.3438 31.7344 30.9531 30.9688 0 18.9141 20.3594 22.8125 27.6562 33.6797 42.7109 53.8438 67.8125 84.125 100.844 112.016 121.125 123.578 125.914 126.805 128.297 128.414 128.578 125.758 121.867 115.211 110.414 98.0547 90.5312 76.9531 70.4531 63.7188 60.6406 57.0547 54.8359 48.6719 42.5938 38.1484 42.5234 35.5391 32.6562 29.3047 24.7344 20.6172 16.7422 13.4062 10.5625 8.23438 6.28125 4.79688 3.55469 2.67969 1.94531 1.4375 1.03125 0.773438 0.570312 0.46875 0.40625 0 
0 758.469 758.492 758.383 759.445 760.297 761.992 766.336 772.266 782.656 794.234 806.219 818.406 831.25 838.938 0 156.086 151.719 147.82 143.875 140 136.102 132.531 129.977 126.422 125.109 125.602 124.68 0 17.6641 18.4922 21.1562 24.75 30.5859 37.3984 46.7266 57.125 69.1328 80.2188 90.3203 96.7344 101.562 103.891 105.797 106.438 106.938 105.602 104.141 100.086 96.5781 89.8438 85.8203 76.625 72.6953 67.1562 66.6016 64.1016 64.1641 63.2891 54.4609 46.0312 47.4609 44.4688 49.1641 38.9844 33.2344 28.1094 22.6797 18.2266 14.3906 11.2188 8.64844 6.60938 4.95312 3.73438 2.72656 2.02344 1.46094 1.07812 0.78125 0.609375 0.484375 0.429688 0 
0 852.742 852.727 852.57 854.148 854.773 854.516 858.234 867.422 875.586 887.93 899.281 911.508 921 927.391 0 248.891 244.602 240.773 236.812 233 229.133 225.273 222.742 220.555 219.664 218.086 219.82 0 15.9688 16.9844 18.8594 22.3984 26.7109 32.8984 39.6875 48.1641 56.6016 65.4688 72.5625 78.7344 82.6406 85.5156 87.0312 87.9297 87.5938 87.1328 84.8281 82.9688 78.8516 76.2812 70.9688 69.0234 65.2812 66.7266 67.4766 72.4453 71.4219 75.0156 89.4219 80.9531 86.6172 75.2188 52.625 47 38.5312 30.6016 24.5703 19.2188 15.0078 11.5938 8.86719 6.72656 5.05469 3.75 2.77344 2.02344 1.46094 1.0625 0.765625 0.585938 0.460938 0.414062 0 
0 946.984 946.969 946.789 946.672 947.5 949.281 953.961 959.852 971.516 981.102 991.406 1000.53 1007.88 1015.24 0 341.945 337.727 333.977 330.008 326.203 322.523 318.203 315.727 313.25 312.117 312.664 311.797 0 14.6172 15.2344 17.0938 19.7109 23.6875 28.2422 34.1641 40.2578 47.1953 53.4688 59.4922 64.0938 67.7344 70.0156 71.4375 71.8438 71.8359 70.7109 69.7656 67.3047 65.7969 62.5781 61.5781 59.2344 61.0859 63.1953 71.8516 82.2656 123.711 100.375 133.391 143 116.805 102.18 75.0703 54.3984 42.1484 33.0781 25.3281 19.7031 15.1562 11.5859 8.82812 6.64062 4.96094 3.6875 2.69531 1.96875 1.42188 1.02344 0.75 0.546875 0.445312 0.382812 0 
0 1041.25 1041.2 1041.04 1040.85 1042.1 1044.14 1045.19 1055.36 1064.52 1073.8 1080.47 1087.8 1094.98 1102 0 435.102 430.883 426.977 422.695 418.93 416.133 411.375 408.359 407.641 406.789 405.148 406.805 0 13.2734 13.9375 15.3125 17.7188 20.7344 24.8047 29.2109 34.4453 39.5156 44.7734 49.2344 53.1094 55.875 57.7188 58.5625 58.7656 58.2422 57.7344 56.3516 55.4844 53.5312 52.9062 51.3984 52.6719 54.0703 60.1719 70.4922 87.1406 138.766 138.773 142.5 116.797 96.0781 99.8828 93.6875 62.3984 44.8672 33.1406 25.3672 19.25 14.7188 11.2188 8.47656 6.375 4.75781 3.5 2.57812 1.85938 1.34375 0.96875 0.703125 0.523438 0.40625 0.359375 0 
0 1135.56 1135.41 1135.32 1135.04 1137.08 1136.66 1139.88 1147.02 1153.23 1160.17 1167.45 1174.64 1181.8 1188.74 0 528.328 524.094 519.812 515.086 511.883 509.312 506.492 503.531 500.43 499.305 499.812 498.797 0 12.3594 12.8047 14.0781 16 18.7344 21.9297 25.8359 29.8594 34.2422 38.2578 42.0234 44.9688 47.1562 48.3125 48.5469 47.9688 47.3906 46.5391 46.0234 44.9219 44.5547 43.5625 44.2266 44.7656 48.3359 53.4141 62.1016 77.8047 90.7188 104.477 103.406 92.6562 86.4844 76.0234 71.4375 54.9766 41.4922 31.6016 23.6484 18.0781 13.75 10.4219 7.89062 5.92969 4.40625 3.27344 2.39062 1.75 1.24219 0.898438 0.640625 0.484375 0.375 0.328125 0 
0 1230.01 1229.58 1229.66 1229.21 1229.71 1231.36 1234.26 1238.34 1244.71 1250.92 1256.95 1263.34 1270.03 1276.72 0 621.281 617.406 611.828 608.023 604.914 602.438 599.836 596.43 594.875 594.047 592.336 593.703 0 11.7109 12.1562 13.2344 15.0156 17.3359 20.2578 23.5 27.1406 30.7109 34.2734 37.3047 39.8203 41.3672 41.8828 41.1484 39.3516 38.2344 37.7266 37.1953 37.0469 36.5547 36.8828 37.0234 38.9375 41.3203 46.2188 53.2031 61.0234 72.5156 75.7734 78 73.9219 67.9297 63.3516 56.3281 46.8359 37.4062 27.7734 21.2188 16.0703 12.2656 9.36719 7.07812 5.34375 3.99219 2.9375 2.17188 1.57031 1.14844 0.804688 0.585938 0.421875 0.335938 0.289062 0 
0 1322 1322.11 1322.18 1324.03 1323.86 1326.31 1326.6 1331.36 1337.96 1344.2 1349.89 1355.59 1361.36 1367.26 0 722.617 713.977 707.297 701.148 697.992 695.445 693.32 689.359 687.656 686.562 687.258 685.711 0 11.5547 11.9297 12.9766 14.6016 16.8359 19.5 22.6172 25.8594 29.2891 32.4297 35.2734 37.3906 38.6562 38.6016 36.7188 31.7734 30.5 30.3125 30.5 30.5547 30.875 31.0234 32.0156 33.125 35.7578 39.2188 44 50.3281 55.0938 59.9297 60.1797 59.1016 55.8672 52.125 47.3203 41.7578 33.3516 23.5469 17.5703 13.5703 10.4766 8.03125 6.14844 4.65625 3.48438 2.61719 1.89062 1.39844 0.984375 0.726562 0.515625 0.375 0.289062 0.25 0 
0 1416.2 1416.27 1416.34 1416.56 1418.7 1418.81 1421.49 1424.2 1431.16 1437.13 1442.42 1441.22 1432.05 1406.35 0 840.18 817.617 801.25 797.203 791.109 788.43 786.336 784.203 782.125 781.211 779.758 780.094 0 0 0 0 0 0 0 0 0 0 0 0 0 0 0 0 22.2578 23.2344 24.4062 25.3203 26.0625 26.5391 27.2109 27.8438 29.1719 30.8594 33.6094 37.1875 41.0547 45.5 48.125 50.0625 49.2891 47.6797 44.9609 42.5391 40.0781 0 15.5625 13.2422 10.7188 8.48438 6.66406 5.14844 3.92188 2.99219 2.21094 1.65625 1.17969 0.875 0.609375 0.445312 0.320312 0.25 0.210938 0 
0 1510.37 1510.38 1510.47 1510.76 1511.27 1513.73 1514 1520.15 1523.45 1522.78 1515.48 1494.35 1447.45 1345.12 1148.23 997.359 932.883 903.453 891.547 887.055 881.398 879.297 877.258 874.906 873.695 873.992 874.57 0 0 0 0 0 0 0 0 0 0 0 0 0 0 0 4.10156 12.5 17.3594 20.1797 22.0312 23.2578 24.125 24.7656 25.4609 26.2969 27.6094 29.4766 32.0859 35.3828 38.8594 42.1719 44.3672 44.6562 42.9062 40.9922 39.2969 38.6094 0 10.7734 9.625 8.11719 6.65625 5.30469 4.16406 3.24219 2.44531 1.85938 1.36719 1.00781 0.71875 0.523438 0.375 0.273438 0.203125 0.171875 0 
0 1604.54 1604.47 1604.6 1604.98 1605.55 1606.38 1608.79 1611.59 1607.9 1600.56 1577.75 1540.65 1471.25 1367.65 1227.66 1110.43 1041.13 1003.31 987.57 980.32 977.016 972.383 969.859 969.281 968.469 966.461 966.547 0 93.7656 93.7734 93.7734 93.7734 93.7734 93.7734 93.7734 93.7734 93.7734 93.7734 93.7734 93.7734 93.7734 93.7734 96.5156 102.961 108.445 113.688 115.898 117.336 117.328 119.156 118.711 120.641 120.57 123.758 125.641 128.906 132.359 135.648 136.625 137.828 136.312 134.641 133.578 132.367 0 7.50781 6.875 6.01562 5.03125 4.11719 3.28906 2.57812 2 1.5 1.13281 0.820312 0.601562 0.421875 0.304688 0.210938 0.171875 0.132812 0 
0 1698.79 1698.8 1698.93 1699.32 1699.67 1701.74 1700.91 1697.64 1687.8 1670.16 1639.85 1586.8 1512.36 1415.29 1307.26 1209.25 1142.04 1103.67 1081.88 1074.82 1070.12 1066.96 1065.98 1062.2 1061.31 1060.94 1060.91 0 187.523 187.539 187.539 187.539 187.539 187.539 187.539 187.539 187.539 187.539 187.539 187.539 187.539 187.539 191.805 197.031 201.305 207.297 208.141 211.398 212 210.797 212.922 212.188 214.922 216.344 218.5 220.523 225.242 227.047 230.508 230.664 229.07 227.188 225.602 227.766 0 5.17969 4.85938 4.32812 3.73438 3.10156 2.52344 2.00781 1.54688 1.20312 0.882812 0.664062 0.46875 0.34375 0.226562 0.1875 0.109375 0.117188 0 
0 0 0 0 0 0 0 0 0 0 0 0 0 0 0 0 0 0 0 0 0 0 0 0 0 0 0 0 0 0 0 0 0 0 0 0 0 0 0 0 0 0 0 0 0 0 0 0 0 0 0 0 0 0 0 0 0 0 0 0 0 0 0 0 0 0 3.4375 3.3125 3.05469 2.6875 2.28125 1.89844 1.51562 1.20312 0.90625 0.695312 0.507812 0.375 0.257812 0.203125 0.109375 0.101562 0.0703125 0 
0 0 0 0 0 0 0 0 0 0 0 0 0 0 0 0 0 0 0 0 0 0 0 0 0 0 0 0 0 0 0 0 0 0 0 0 0 0 0 0 0 0 0 0 0 0 0 0 0 0 0 0 0 0 0 0 0.015625 0.0390625 0.0546875 0.09375 0.140625 0.21875 0.320312 0.5 0.757812 1.19531 1.97656 2.17188 2.10156 1.89062 1.65625 1.375 1.125 0.898438 0.695312 0.523438 0.382812 0.273438 0.203125 0.125 0.109375 0.0546875 0.0625 0 
0 0 0 0 0 0 0 0 0 0 0 0 0 0 0 0 0 0 0 0 0 0 0 0 0 0 0 0 0 0 0 0 0 0 0 0 0 0 0 0 0 0 0 0 0 0 0 0 0 0 0 0 0 0 0 0 0 0.0234375 0.046875 0.078125 0.125 0.1875 0.289062 0.421875 0.632812 0.929688 1.25781 1.42969 1.42188 1.32031 1.16406 0.992188 0.8125 0.648438 0.507812 0.390625 0.289062 0.210938 0.140625 0.109375 0.046875 0.046875 0.0234375 0 
0 0 0 0 0 0 0 0 0 0 0 0 0 0 0 0 0 0 0 0 0 0 0 0 0 0 0 0 0 0 0 0 0 0 0 0 0 0 0 0 0 0 0 0 0 0 0 0 0 0 0 0 0 0 0 0 0 0.0078125 0.03125 0.0625 0.09375 0.15625 0.234375 0.34375 0.484375 0.65625 0.84375 0.9375 0.96875 0.90625 0.820312 0.703125 0.585938 0.46875 0.375 0.28125 0.210938 0.148438 0.101562 0.0625 0.0390625 0.0234375 0.015625 0 
0 0 0 0 0 0 0 0 0 0 0 0 0 0 0 0 0 0 0 0 0 0 0 0 0 0 0 0 0 0 0 0 0 0 0 0 0 0 0 0 0 0 0 0 0 0 0 0 0 0 0 0 0 0 0 0 0 0 0.0234375 0.0390625 0.0859375 0.125 0.179688 0.257812 0.34375 0.476562 0.554688 0.640625 0.65625 0.632812 0.5625 0.492188 0.40625 0.328125 0.257812 0.203125 0.140625 0.09375 0.0703125 0.03125 0.0234375 0 0 0 
0 0 0 0 0 0 0 0 0 0 0 0 0 0 0 0 0 0 0 0 0 0 0 0 0 0 0 0 0 0 0 0 0 0 0 0 0 0 0 0 0 0 0 0 0 0 0 0 0 0 0 0 0 0 0 0 0 0 0.0078125 0.0234375 0.0546875 0.0859375 0.132812 0.1875 0.273438 0.3125 0.398438 0.429688 0.453125 0.4375 0.398438 0.328125 0.289062 0.226562 0.1875 0.125 0.0859375 0.0703125 0.03125 0.03125 0 0 0 0 
0 0 0 0 0 0 0 0 0 0 0 0 0 0 0 0 0 0 0 0 0 0 0 0 0 0 0 0 0 0 0 0 0 0 0 0 0 0 0 0 0 0 0 0 0 0 0 0 0 0 0 0 0 0 0 0 0 0 0 0.0078125 0.0390625 0.0703125 0.09375 0.132812 0.179688 0.234375 0.273438 0.3125 0.328125 0.296875 0.273438 0.234375 0.195312 0.164062 0.117188 0.09375 0.0625 0.0390625 0.0234375 0 0 0 0 0 
0 0 0 0 0 0 0 0 0 0 0 0 0 0 0 0 0 0 0 0 0 0 0 0 0 0 0 0 0 0 0 0 0 0 0 0 0 0 0 0 0 0 0 0 0 0 0 0 0 0 0 0 0 0 0 0 0 0 0 0 0.015625 0.0390625 0.078125 0.101562 0.140625 0.164062 0.210938 0.226562 0.242188 0.226562 0.203125 0.1875 0.132812 0.117188 0.0859375 0.0625 0.0390625 0.015625 0 0 0 0 0 0 
0 0 0 0 0 0 0 0 0 0 0 0 0 0 0 0 0 0 0 0 0 0 0 0 0 0 0 0 0 0 0 0 0 0 0 0 0 0 0 0 0 0 0 0 0 0 0 0 0 0 0 0 0 0 0 0 0 0 0 0 0.015625 0.03125 0.0546875 0.09375 0.109375 0.148438 0.171875 0.1875 0.203125 0.1875 0.171875 0.132812 0.125 0.0859375 0.0703125 0.046875 0.0234375 0.015625 0 0 0 0 0 0 
0 0 0 0 0 0 0 0 0 0 0 0 0 0 0 0 0 0 0 0 0 0 0 0 0 0 0 0 0 0 0 0 0 0 0 0 0 0 0 0 0 0 0 0 0 0 0 0 0 0 0 0 0 0 0 0 0 0 0 0 0 0 0 0 0 0 0 0 0 0 0 0 0 0 0 0 0 0 0 0 0 0 0 0 
0 0 0 00 0 0 00 0 0 00 0 0 00 0 0 00 0 0 00 0 0 00 0 0 00 0 0 00 0 0 00 0 0 00 0 0 00 0 0 00 0 0 00 0 0 00 0 0 00 0 0 00 0 0 00 0 0 00 0 0 00 0 0 00 0 0 00 0 0 00 0 0 00 0 0 00 0 0 00 0 0 00 0 0 00 0 0 00 0 0 00 0 0 00 0 0 00 0 0 00 0 0 00 0 0 00 0 0 00 0 0 00 0 0 00 0 0 00 0 0 00 0 0 00 0 0 00 0 0 00 0 0 00 0 0 00 0 0 00 0 0 00 0 0 00 0 0 00 0 0 00 0 0 00 0 0 00 0 0 00 0 0 00 0 0 00 0 0 00 0 0 00 0 0 00 0 0 00 0 0 00 0 0 00 0 0 00 0 0 00 0 0 00 0 0 00 0 0 00 0 0 00 0 0 00 0 0 00 0 0 00 0 0 00 0 0 00 0 0 00 0 0 00 0 0 00 0 0 00 0 0 00 0 0 00 0 0 00 0 0 00 0 0 00 0 0 00 0 0 00 0 0 0
0 0 0 00 0 0 00 0 0 00 0 0 00 0 0 00 0 0 00 0 0 00 0 0 00 0 0 00 0 0 00 0 0 00 0 0 00 0 0 00 0 0 00 0 0 00 0 0 00 0 0 00 0 0 00 0 0 00 0 0 00 0 0 00 0 0 00 0 0 00 0 0 00 0 0 00 0 0 00 0 0 00 0 0 00 0 0 00 0 0 00 0 0 00 0 0 00 0 0 00 0 0 00 0 0 00 0 0 00 0 0 00 0 0 00 0 0 00 0 0 00 0 0 00 0 0 00 0 0 00 0 0 00 0 0 00 0 0 00 0 0 00 0 0 00 0 0 00 0 0 00 0 0 00 0 0 00 0 0 00 0 0 00 0 0 00 0 0 00 0 0 00 0 0 00 0 0 00 0 0 00 0 0 00 0 0 00 0 0 00 0 0 00 0 0 00 0 0 00 0 0 00 0 0 00 0 0 00 0 0 00 0 0 00 0 0 00 0 0 00 0 0 00 0 0 00 0 0 00 0 0 00 0 0 00 0 0 00 0 0 00 0 0 00 0 0 00 0 0 00 0 0 0
0 0 0 00 0 0 00 0 0 00 0 0 00 0 0 00 0 0 00 0 0 00 0 0 00 0 0 00 0 0 00 0 0 00 0 0 00 0 0 00 0 0 00 0 0 00 0 0 00 0 0 00 0 0 00 0 0 00 0 0 00 0 0 00 0 0 00 0 0 00 0 0 00 0 0 00 0 0 00 0 0 00 0 0 00 0 0 00 0 0 00 0 0 00 0 0 00 0 0 00 0 0 00 0 0 00 0 0 00 0 0 00 0 0 00 0 0 00 0 0 00 0 0 00 0 0 00 0 0 00 0 0 00 0 0 00 0 0 00 0 0 00 0 0 00 0 0 00 0 0 00 0 0 00 0 0 00 0 0 00 0 0 00 0 0 00 0 0 00 0 0 00 0 0 00 0 0 00 0 0 00 0 0 00 0 0 00 0 0 00 0 0 00 0 0 00 0 0 00 0 0 00 0 0 00 0 0 00 0 0 00 0 0 00 0 0 00 0 0 00 0 0 00 0 0 00 0 0 00 0 0 00 0 0 00 0 0 00 0 0 00 0 0 00 0 0 00 0 0 00 0 0 0
0 0 0 00 0 0 00 0 0 00 0 0 00 0 0 00 0 0 00 0 0 00 0 0 00 0 0 00 0 0 00 0 0 00 0 0 00 0 0 00 0 0 00 0 0 00 0 0 00 0 0 00 0 0 00 0 0 00 0 0 00 0 0 00 0 0 00 0 0 00 0 0 00 0 0 00 0 0 00 0 0 00 0 0 00 0 0 00 0 0 00 0 0 00 0 0 00 0 0 00 0 0 00 0 0 00 0 0 00 0 0 00 0 0 00 0 0 00 0 0 00 0 0 00 0 0 00 0 0 00 0 0 00 0 0 00 0 0 00 0 0 00 0 0 00 0 0 00 0 0 00 0 0 00 0 0 00 0 0 00 0 0 00 0 0 00 0 0 00 0 0 00 0 0 00 0 0 00 0 0 00 0 0 00 0 0 00 0 0 00 0 0 00 0 0 00 0 0 00 0 0 00 0 0 00 0 0 00 0 0 00 0 0 00 0 0 00 0 0 00 0 0 00 0 0 00 0 0 00 0 0 00 0 0 00 0 0 00 0 0 00 0 0 00 0 0 00 0 0 00 0 0 0
0 0 0 00 0 0 00 0 0 00 0 0 00 0 0 00 0 0 00 0 0 00 0 0 00 0 0 00 0 0 00 0 0 00 0 0 00 0 0 00 0 0 00 0 0 00 0 0 00 0 0 00 0 0 00 0 0 00 0 0 00 0 0 00 0 0 00 0 0 00 0 0 00 0 0 00 0 0 00 0 0 00 0 0 00 0 0 00 0 0 00 0 0 00 0 0 00 0 0 00 0 0 00 0 0 00 0 0 00 0 0 00 0 0 00 0 0 00 0 0 00 0 0 00 0 0 00 0 0 00 0 0 00 0 0 00 0 0 00 0 0 00 0 0 00 0 0 00 0 0 00 0 0 00 0 0 00 0 0 00 0 0 00 0 0 00 0 0 00 0 0 00 0 0 00 0 0 00 0 0 00 0 0 00 0 0 00 0 0 00 0 0 00 0 0 00 0 0 00 0 0 00 0 0 00 0 0 00 0 0 00 0 0 00 0 0 00 0 0 00 0 0 00 0 0 00 0 0 00 0 0 00 0 0 00 0 0 00 0 0 00 0 0 00 0 0 00 0 0 00 0 0 0
0 0 0 00 0 0 00 0 0 00 0 0 00 0 0 00 0 0 00 0 0 00 0 0 00 0 0 00 0 0 00 0 0 00 0 0 00 0 0 00 0 0 00 0 0.21875 00.21875 0 0 00 0 0 0.0156250 0.015625 0 00 0 0 00 0 0 00 0.125 0 00 0 0.125 00 0.171875 0 00 0 0.171875 00 0 0 00 0 0 00 0 0 00 0 0 00 0 0 00 0 0 00 0 0 00 0 0 00 0 0 00 0 0 00 0 0 00 0 0 00 0 0 00 0 0 00 0 0 00 0 0 00 0 0 00 0 0 00 0 0 00 0 0 00 0 0 00 0 0 00 0 0 00 0 0 00 0 0 00 0 0 00 0 0 00 0 0 00 0 0 00 0 0 00 0 0 00 0 0 00 0 0 00 0 0 00 0 0 00 0 0 00 0 0 00 0 0 00 0 0 00 0 0 00 0 0 00 0 0 00 0 0 00 0 0 00 0 0 00 0 0 00 0 0 00 0 0 00 0 0 00 0 0 00 0 0 00 0 0 00 0 0 00 0 0 00 0 0 00 0 0 00 0 0 00 0 0 00 0 0 00 0 0 0
0 0 0 00 0 0 00 0 0 00 0 0 00 0 0 00 0 0 00 0 0 00 0 0 00 0 0 00 0 0 00 0 0 00 0 0 00 0 0 00 0 0 00 0.21875 0 00 0 0 0.218750.015625 0 0 00 0.015625 0.015625 00 0 0.015625 00 0 0 00 0 0 0.1250.125 0 0 00 0.171875 0 00.171875 0 0 00 0 0 00 0 0 00 0 0 00 0 0 00 0 0 00 0 0 00 0 0 00 0 0 00 0 0 00 0 0 00 0 0 00 0 0 00 0 0 00 0 0 00 0 0 00 0 0 00 0 0 00 0 0 00 0 0 00 0 0 00 0 0 00 0 0 00 0 0 00 0 0 00 0 0 00 0 0 00 0 0 00 0 0 00 0 0 00 0 0 00 0 0 00 0 0 00 0 0 00 0 0 00 0 0 00 0 0 00 0 0 00 0 0 00 0 0 00 0 0 00 0 0 00 0 0 00 0 0 00 0 0 00 0 0 00 0 0 00 0 0 00 0 0 00 0 0 00 0 0 00 0 0 00 0 0 00 0 0 00 0 0 00 0 0 00 0 0 00 0 0 00 0 0 00 0 0 00 0 0 0
0 0 0 00 0 0 00 0 0 00 0 0 00 0 0 00 0 0 00 0 0 00 0 0 00 0 0 00 0 0 00 0 0 00 0.0078125 0 00 0 0 00 0 0 00 0 0 00 0 0 00 0 0 00 0 0 0.0156250.015625 0 0 00 0 0 00 0 0 00 0 0 00 0 0 0.1718750.171875 0 0 00 0 0 00 0 0 00 0 0 00 0 0 00 0 0 00 0 0 00 0 0 00 0 0 00 0 0 00 0 0 00 0 0 00 0 0 00 0 0 00 0 0 00 0 0 00 0 0 00 0 0 0.093750 0 0 0.1640620 0.164062 0 00 0 0 00 0 0 00 0 0 0.00781250 0 0.171875 00.101562 0 0 00 0 0.0703125 00 0 0 00 0 0 00 0 0 00 0 0 00 0 0 00 0 0 00 0 0 00 0 0 00 0 0 00 0 0 00 0 0 00 0 0 00 0 0 00 0 0 00 0 0 00 0 0 00 0 0 00 0 0 00 0 0 00 0 0 00 0 0 00 0 0 00 0 0 00 0 0 00 0 0 00 0 0 00 0 0 00 0 0 00 0 0 00 0 0 00 0 0 00 0 0 00 0 0 00 0 0 00 0 0 0
0 0 0 00 0 0 00 0 0 00 0 0 00 0 0 00 0 0 00 0 0 00 0 0 00 0 0 00 0 0 00 0 0 00.0078125 0 0 00 0 0 00 0 0 00 0 0 00 0 0 00 0 0 00 0 0 00 0 0 00 0 0 00 0 0 00 0 0 00 0 0 00 0 0 00 0 0 00 0 0 00 0 0 00 0 0 00 0 0 00 0 0 00 0 0 00 0 0 00 0 0 00 0 0 00 0 0 00 0 0 00 0 0 00 0 0 00 0 0 00 0 0 00.09375 0 0 00.0703125 0 0 00 0.09375 0.0703125 00 0 0 00 0 0 00.0078125 0 0 00 0.1875 0 00.0078125 0.0703125 0.0078125 0.1015620.0703125 0 0 00 0 0 00 0 0 00 0 0 00 0 0 00 0 0 00 0 0 00 0 0 00 0 0 00 0 0 00 0 0 00 0 0 00 0 0 00 0 0 00 0 0 00 0 0 00 0 0 00 0 0 00 0 0 00 0 0 00 0 0 00 0 0 00 0 0 00 0 0 00 0 0 00 0 0 00 0 0 00 0 0 00 0 0 00 0 0 00 0 0 00 0 0 00 0 0 00 0 0 00 0 0 00 0 0 0
0 0 0 00 0 0 00 0 0 00 0 0 00 0 0 00 0 0 00 0 0 00 0 0 00 0 0 00 0 0 00 0 0 00 0 0 00 0 0 00 0 0 00 0 0 00 0 0 00 0 0 00 0 0 00 0 0 00 0 0 00 0 0 00 0 0 00 0 0 00 0 0 00 0 0 00 0 0 00 0 0 00 0 0 00 0 0 00 0 0 00 0 0 00 0 0 00 0 0 00 0 0 00 0 0 00 0 0 00 0 0 00 0 0 00 0 0 00 0 0 00.09375 0 0 00 0 0.078125 00 0.015625 0.078125 00 0 0 00 0 0 00 0 0 00 0.03125 0 0.03906250 0 0 0.03906250.0703125 0 0 00 0 0 00 0 0 00 0.0703125 0 00 0 0.0703125 00 0 0 00 0 0 00 0 0 00 0 0 00 0 0 00 0 0 00 0 0 00 0 0 00 0 0 00 0 0 00 0 0 00 0 0 00 0 0 00 0 0 00 0 0 00 0 0 00 0 0 00 0 0 00 0 0 00 0 0 00 0 0 00 0 0 00 0 0 00 0 0 00 0 0 00 0 0 00 0 0 00 0 0 00 0 0 00 0 0 00 0 0 0
0 0 0 00 0 0 00 0 0 00 0 0 00 0 0 00 0 0 00 0 0 00 0 0 00 0 0 00 0 0 00 0 0 00 0 0 00 0 0 00 0 0 00 0 0 00 0 0 00 0 0 00 0 0 00 0 0 00 0 0 00 0 0 00 0 0 00 0 0 00 0 0 00 0 0 00 0 0 00 0 0 00 0 0 00 0 0 00 0 0 00 0 0 00 0 0 00 0 0 00 0 0 00 0 0 00 0 0 00 0 0 00 0 0 00 0 0 00 0 0 00.015625 0.0078125 0 00 0 0.015625 00 0 0.015625 00 0 0 00 0 0 00 0 0 00 0 0 0.031250 0 0 0.031250.03125 0 0 00 0 0 00 0 0 00 0.0703125 0 00.0703125 0 0 00 0 0 00 0 0 00 0 0 00 0 0 00 0 0 00 0 0 00 0 0 00 0 0 00 0 0 00 0 0 00 0 0 00 0 0 00 0 0 00 0 0 00 0 0 00 0 0 00 0 0 00 0 0 00 0 0 00 0 0 00 0 0 00 0 0 00 0 0 00 0 0 00 0 0 00 0 0 00 0 0 00 0 0 00 0 0 00 0 0 00 0 0 0
0 0 0 00 0 0 00 0 0 00 0 0 00 0 0 00 0 0 00 0 0 00 0 0 00 0 0 00 0 0 00 0 0 00 0 0 00 0 0 00 0 0 00 0 0 00 0 0 00 0 0 00 0 0 00 0 0 00 0 0 00 0 0 00 0 0 00 0 0 00 0 0 00 0 0 00 0 0 00 0 0 00 0 0 00 0 0 00 0 0 00 0 0 00 0 0 00 0 0 00 0 0 00 0 0 00 0 0 00 0 0 00 0 0 00 0 0 00 0 0 00.0078125 0 0 00 0 0 00 0 0 00 0 0 00 0 0 00 0 0 00 0 0 00 0 0 00 0 0 00 0 0 00 0 0 00 0.0703125 0 00.0703125 0 0 00 0 0 00 0 0 00 0 0 00 0 0 00 0 0 00 0 0 00 0 0 00 0 0 00 0 0 00 0 0 00 0 0 00 0 0 00 0 0 00 0 0 00 0 0 00 0 0 00 0 0 00 0 0 00 0 0 00 0 0 00 0 0 00 0 0 00 0 0 00 0 0 00 0 0 00 0 0 00 0 0 00 0 0 00 0 0 00 0 0 00 0 0 0
0 0 0 00 0 0 00 0 0 00 0 0 00 0 0 00 0 0 00 0 0 00 0 0 00 0 0 00 0 0 00 0 0 00 0 0 00 0 0 00 0 0 00 0 0 00 0 0 00 0 0 00 0 0 00 0 0 00 0 0 00 0 0 00 0 0 00 0 0 00 0 0 00 0 0 00 0 0 00 0 0 00 0 0 00 0 0 00 0 0 00 0 0 00 0 0 00 0 0 00 0 0 00 0 0 00 0 0 00 0 0 00 0 0 00 0 0 00 0 0 00 0 0 00 0 0 00 0 0 00 0 0 00 0 0 00 0 0 00 0 0 00 0 0 00 0 0 00 0 0 00 0 0 00 0 0 0.07031250.0703125 0 0 00 0 0 00 0 0 00 0 0 00 0 0 00 0 0 00 0 0 00 0 0 00 0 0 00 0 0 00 0 0 00 0 0 00 0 0 00 0 0 00 0 0 00 0 0 00 0 0 00 0 0 00 0 0 00 0 0 00 0 0 00 0 0 00 0 0 00 0 0 00 0 0 00 0 0 00 0 0 00 0 0 00 0 0 00 0 0 00 0 0 00 0 0 0
0 0 0 00 0 0 00 0 0 00 0 0 00 0 0 00 0 0 00 0 0 00 0 0 00 0 0 00 0 0 00 0 0 00 0 0 00 0 0 00 0 0 00 0 0 00 0 0 00 0 0 00 0 0 00 0 0 00 0 0 00 0 0 00 0 0 00 0 0 00 0 0 00 0 0 00 0 0 00 0 0 00 0 0 00 0 0 00 0 0 00 0 0 00 0 0 00 0 0 00 0 0 00 0 0 00 0 0 00 0 0 00 0 0 00 0 0 00 0 0 00 0 0 00 0 0 00 0 0 00 0 0 00 0 0 00 0 0 00 0 0 00 0 0 00 0 0 00 0 0 00 0 0 00 0 0 00 0 0 00 0 0 00 0 0 00 0 0 00 0 0 00 0 0 00 0 0 00 0 0 00 0 0 00 0 0 00 0 0 00 0 0 00 0 0 00 0 0 00 0 0 00 0 0 00 0 0 00 0 0 00 0 0 00 0 0 00 0 0 00 0 0 00 0 0 00 0 0 00 0 0 00 0 0 00 0 0 00 0 0 00 0 0 00 0 0 00 0 0 00 0 0 0
0 0 0 00 0 0 00 0 0 00 0 0 00 0 0 00 0 0 00 0 0 00 0 0 00 0 0 00 0 0 00 0 0 00 0 0 00 0 0 00 0 0 00 0 0 00 0 0 00 0 0 00 0 0 00 0 0 00 0 0 00 0 0 00 0 0 00 0 0 00 0 0 00 0 0 00 0 0 00 0 0 00 0 0 00 0 0 00 0 0 00 0 0 00 0 0 00 0 0 00 0 0 00 0 0 00 0 0 00 0 0 00 0 0 00 0 0 00 0 0 00 0 0 00 0 0 00 0 0 00 0 0 00 0 0 00 0 0 00 0 0 00 0 0 00 0 0 00 0 0 00 0 0 00 0 0 00 0 0 00 0 0 00 0 0 00 0 0 00 0 0 00 0 0 00 0 0 00 0 0 00 0 0 00 0 0 00 0 0 00 0 0 00 0 0 00 0 0 00 0 0 00 0 0 00 0 0 00 0 0 00 0 0 00 0 0 00 0 0 00 0 0 00 0 0 00 0 0 00 0 0 00 0 0 00 0 0 00 0 0 00 0 0 00 0 0 00 0 0 00 0 0 0
0 0 0 00 0 0 00 0 0 00 0 0 00 0 0 00 0 0 00 0 0 00 0 0 00 0 0 00 0 0 00 0 0 00 0 0 00 0 0 00 0 0 00 0 0 00 0 0 00 0 0 00 0 0 00 0 0 00 0 0 00 0 0 00 0 0 00 0 0 00 0 0 00 0 0 00 0 0 00 0 0 00 0 0 00 0 0 00 0 0 00 0 0 00 0 0 00 0 0 00 0 0 00 0 0 00 0 0 00 0 0 00 0 0 00 0 0 00 0 0 00 0 0 00 0 0 00 0 0 00 0 0 00 0 0 00 0 0 00 0 0 00 0 0 00 0 0 00 0 0 00 0 0 00 0 0 00 0 0 00 0 0 00 0 0 00 0 0 00 0 0 00 0 0 00 0 0 0.0468750 0.046875 0 00 0 0 0.03906250 0.0390625 0 00 0 0 00 0 0 00 0 0 00 0 0 00 0 0 00 0 0 00 0 0 00 0 0 00 0 0 00 0 0 00 0 0 00 0 0 00 0 0 00 0 0 00 0 0 00 0 0 00 0 0 00 0 0 00 0 0 00 0 0 00 0 0 00 0 0 0
0 0 0 00 0 0 00 0 0 00 0 0 00 0 0 00 0 0 00 0 0 00 0 0 00 0 0 00 0 0 00 0 0 00 0 0 00 0 0 00 0 0 00 0 0 00 0 0 00 0 0 00 0 0 00 0 0 00 0 0 00 0 0 00 0 0 00 0 0 00 0 0 00 0 0 00 0 0 00 0 0 00 0 0 00 0 0 00 0 0 00 0 0 00 0 0 00 0 0 00 0 0 00 0 0 00 0 0 00 0 0 00 0 0 00 0 0 00 0 0 00 0 0 00 0 0 00 0 0 00 0 0 00 0 0 00 0 0 00 0 0 00 0 0 00 0 0 00 0 0 00 0 0 00 0 0 00 0 0 00 0 0 00 0 0 00 0 0 00 0 0 00 0 0 00.046875 0 0 00 0.03125 0.015625 00.0390625 0 0 00 0 0.0390625 00 0 0 00 0 0 00 0 0 00 0 0 00 0 0 00 0 0 00 0 0 00 0 0 00 0 0 00 0 0 00 0 0 00 0 0 00 0 0 00 0 0 00 0 0 00 0 0 00 0 0 00 0 0 00 0 0 00 0 0 00 0 0 00 0 0 0
0 0 0 00 0 0 00 0 0 00 0 0 00 0 0 00 0 0 00 0 0 00 0 0 00 0 0 00 0 0 00 0 0 00 0 0 00 0 0 00 0 0 00 0 0 00 0 0 00 0 0 00 0 0 00 0 0 00 0 0 00 0 0 00 0 0 00 0 0 00 0 0 00 0 0 00 0 0 00 0 0 00 0 0 00 0 0 00 0 0 00 0 0 00 0 0 00 0 0 00 0 0 00 0 0 00 0 0 00 0 0 00 0 0 00 0 0 00 0 0 00 0 0 00 0 0 00 0 0 00 0 0 00 0 0 00 0 0 00 0 0 00 0 0 00 0 0 00 0 0 00 0 0 00 0 0 00 0 0 00 0 0 00 0 0 00 0 0 00 0 0 00 0 0 00.03125 0 0 00 0 0.03125 00 0 0 00 0 0 00 0 0 00 0 0 00 0 0 00 0 0 00 0 0 00 0 0 00 0 0 00 0 0 00 0 0 00 0 0 00 0 0 00 0 0 00 0 0 00 0 0 00 0 0 00 0 0 00 0 0 00 0 0 00 0 0 00 0 0 00 0 0 00 0 0 0
0 0 0 00 0 0 00 0 0 00 0 0 00 0 0 00 0 0 00 0 0 00 0 0 00 0 0 00 0 0 00 0 0 00 0 0 00 0 0 00 0 0 00 0 0 00 0 0 00 0 0 00 0 0 00 0 0 00 0 0 00 0 0 00 0 0 00 0 0 00 0 0 00 0 0 00 0 0 00 0 0 00 0 0 00 0 0 00 0 0 00 0 0 00 0 0 00 0 0 00 0 0 00 0 0 00 0 0 00 0 0 00 0 0 00 0 0 00 0 0 00 0 0 00 0 0 00 0 0 00 0 0 00 0 0 00 0 0 00 0 0 00 0 0 00 0 0 00 0 0 00 0 0 00 0 0 00 0 0 00 0 0 00 0 0 00 0 0 00 0 0 00 0 0 00 0 0 00 0 0 00 0 0 00 0 0 00 0 0 00 0 0 00 0 0 00 0 0 00 0 0 00 0 0 00 0 0 00 0 0 00 0 0 00 0 0 00 0 0 00 0 0 00 0 0 00 0 0 00 0 0 00 0 0 00 0 0 00 0 0 00 0 0 00 0 0 00 0 0 00 0 0 0
0 0 0 00 0 0 00 0 0 00 0 0 00 0 0 00 0 0 00 0 0 00 0 0 00 0 0 00 0 0 00 0 0 00 0 0 00 0 0 00 0 0 00 0 0 00 0 0 00 0 0 00 0 0 00 0 0 00 0 0 00 0 0 00 0 0 00 0 0 00 0 0 00 0 0 00 0 0 00 0 0 00 0 0 00 0 0 00 0 0 00 0 0 00 0 0 00 0 0 00 0 0 00 0 0 00 0 0 00 0 0 00 0 0 00 0 0 00 0 0 00 0 0 00 0 0 00 0 0 00 0 0 00 0 0 00 0 0 00 0 0 00 0 0 00 0 0 00 0 0 00 0 0 00 0 0 00 0 0 00 0 0 00 0 0 00 0 0 00 0 0 00 0 0 00 0 0 00 0 0 00 0 0 00 0 0 00 0 0 00 0 0 00 0 0 00 0 0 00 0 0 00 0 0 00 0 0 00 0 0 00 0 0 00 0 0 00 0 0 00 0 0 00 0 0 00 0 0 00 0 0 00 0 0 00 0 0 00 0 0 00 0 0 00 0 0 00 0 0 00 0 0 0
0 0 0 00 0 0 00 0 0 00 0 0 00 0 0 00 0 0 00 0 0 00 0 0 00 0 0 00 0 0 00 0 0 00 0 0 00 0 0 00 0 0 00 0 0 00 0 0 00 0 0 00 0 0 00 0 0 00 0 0 00 0 0 00 0 0 00 0 0 00 0 0 00 0 0 00 0 0 00 0 0 00 0 0 00 0 0 00 0 0 00 0 0 00 0 0 00 0 0 00 0 0 00 0 0 00 0 0 00 0 0 00 0 0 00 0 0 00 0 0 00 0 0 00 0 0 00 0 0 00 0 0 00 0 0 00 0 0 00 0 0 00 0 0 00 0 0 00 0 0 00 0 0 00 0 0 00 0 0 00 0 0 00 0 0 00 0 0 00 0 0 00 0 0 00 0 0 00 0 0 00 0 0 00 0 0 00 0 0 00 0 0 00 0 0 00 0 0 00 0 0 00 0 0 00 0 0 00 0 0 00 0 0 00 0 0 00 0 0 00 0 0 00 0 0 00 0 0 00 0 0 00 0 0 00 0 0 00 0 0 00 0 0 00 0 0 00 0 0 00 0 0 0
0 0 0 00 0 0 00 0 0 00 0 0 00 0 0 00 0 0 00 0 0 00 0 0 00 0 0 00 0 0 00 0 0 00 0 0 00 0 0 00 0 0 00 0 0 00 0 0 00 0 0 00 0 0 00 0 0 00 0 0 00 0 0 00 0 0 00 0 0 00 0 0 00 0 0 00 0 0 00 0 0 00 0 0 00 0 0 00 0 0 00 0 0 00 0 0 00 0 0 00 0 0 00 0 0 00 0 0 00 0 0 00 0 0 00 0 0 00 0 0 00 0 0 00 0 0 00 0 0 00 0 0 00 0 0 00 0 0 00 0 0 00 0 0 00 0 0 00 0 0 00 0 0 00 0 0 00 0 0 00 0 0 00 0 0 00 0 0 00 0 0 00 0 0 00 0 0 00 0 0 00 0 0 00 0 0 00 0 0 00 0 0 00 0 0 00 0 0 00 0 0 00 0 0 00 0 0 00 0 0 00 0 0 00 0 0 00 0 0 00 0 0 00 0 0 00 0 0 00 0 0 00 0 0 00 0 0 00 0 0 00 0 0 00 0 0 00 0 0 00 0 0 0
0 0 0 00 0 0 00 0 0 00 0 0 00 0 0 00 0 0 00 0 0 00 0 0 00 0 0 00 0 0 00 0 0 00 0 0 00 0 0 00 0 0 00 0 0 00 0 0 00 0 0 00 0 0 00 0 0 00 0 0 00 0 0 00 0 0 00 0 0 00 0 0 00 0 0 00 0 0 00 0 0 00 0 0 00 0 0 00 0 0 00 0 0 00 0 0 00 0 0 00 0 0 00 0 0 00 0 0 00 0 0 00 0 0 00 0 0 00 0 0 00 0 0 00 0 0 00 0 0 00 0 0 00 0 0 00 0 0 00 0 0 00 0 0 00 0 0 00 0 0 00 0 0 00 0 0 00 0 0 00 0 0 00 0 0 00 0 0 00 0 0 00 0 0 00 0 0 00 0 0 00 0 0 00 0 0 00 0 0 00 0 0 00 0 0 00 0 0 00 0 0 00 0 0 00 0 0 00 0 0 00 0 0 00 0 0 00 0 0 00 0 0 00 0 0 00 0 0 00 0 0 00 0 0 00 0 0 00 0 0 00 0 0 00 0 0 00 0 0 00 0 0 0
0 0 0 00 0 0 00 0 0 00 0 0 00 0 0 00 0 0 00 0 0 00 0 0 00 0 0 00 0 0 00 0 0 00 0 0 00 0 0 00 0 0 00 0 0 00 0 0 00 0 0 00 0 0 00 0 0 00 0 0 00 0 0 00 0 0 00 0 0 00 0 0 00 0 0 00 0 0 00 0 0 00 0 0 00 0 0 00 0 0 00 0 0 00 0 0 00 0 0 00 0 0 00 0 0 00 0 0 00 0 0 00 0 0 00 0 0 00 0 0 00 0 0 00 0 0 00 0 0 00 0 0 00 0 0 00 0 0 00 0 0 00 0 0 00 0 0 00 0 0 00 0 0 00 0 0 00 0 0 00 0 0 00 0 0 00 0 0 00 0 0 00 0 0 00 0 0 00 0 0 00 0 0 00 0 0 00 0 0 00 0 0 00 0 0 00 0 0 00 0 0 00 0 0 00 0 0 00 0 0 00 0 0 00 0 0 00 0 0 00 0 0 00 0 0 00 0 0 00 0 0 00 0 0 00 0 0 00 0 0 00 0 0 00 0 0 00 0 0 00 0 0 0
0 0 0 00 0 0 00 0 0 00 0 0 00 0 0 00 0 0 00 0 0 00 0 0 00 0 0 00 0 0 00 0 0 00 0 0 00 0 0 00 0 0 00 0 0 00 0 0 00 0 0 00 0 0 00 0 0 00 0 0 00 0 0 00 0 0 00 0 0 00 0 0 00 0 0 00 0 0 00 0 0 00 0 0 00 0 0 00 0 0 00 0 0 00 0 0 00 0 0 00 0 0 00 0 0 00 0 0 00 0 0 00 0 0 00 0 0 00 0 0 00 0 0 00 0 0 00 0 0 00 0 0 00 0 0 00 0 0 00 0 0 00 0 0 00 0 0 00 0 0 00 0 0 00 0 0 00 0 0 00 0 0 00 0 0 00 0 0 00 0 0 00 0 0 00 0 0 00 0 0 00 0 0 00 0 0 00 0 0 00 0 0 00 0 0 00 0 0 00 0 0 00 0 0 00 0 0 00 0 0 00 0 0 00 0 0 00 0 0 00 0 0 00 0 0 00 0 0 00 0 0 00 0 0 00 0 0 00 0 0 00 0 0 00 0 0 00 0 0 00 0 0 0
0 0 0 00 0 0 00 0 0 00 0 0 00 0 0 00 0 0 00 0 0 00 0 0 00 0 0 00 0 0 00 0 0 00 0 0 00 0 0 00 0 0 00 0 0 00 0 0 00 0 0 00 0 0 00 0 0 00 0 0 00 0 0 00 0 0 00 0 0 00 0 0 00 0 0 00 0 0 00 0 0 00 0 0 00 0 0 00 0 0 00 0 0 00 0 0 00 0 0 00 0 0 00 0 0 00 0 0 00 0 0 00 0 0 00 0 0 00 0 0 00 0 0 00 0 0 00 0 0 00 0 0 00 0 0 00 0 0 00 0 0 00 0 0 00 0 0 00 0 0 00 0 0 00 0 0 00 0 0 00 0 0 00 0 0 00 0 0 00 0 0 00 0 0 00 0 0 00 0 0 00 0 0 00 0 0 00 0 0 00 0 0 00 0 0 00 0 0 00 0 0 00 0 0 00 0 0 00 0 0 00 0 0 00 0 0 00 0 0 00 0 0 00 0 0 00 0 0 00 0 0 00 0 0 00 0 0 00 0 0 00 0 0 00 0 0 00 0 0 00 0 0 0
0 0 0 00 0 0 00 0 0 00 0 0 00 0 0 00 0 0 00 0 0 00 0 0 00 0 0 00 0 0 00 0 0 00 0 0 00 0 0 00 0 0 00 0 0 00 0 0 00 0 0 00 0 0 00 0 0 00 0 0 00 0 0 00 0 0 00 0 0 00 0 0 00 0 0 00 0 0 00 0 0 00 0 0 00 0 0 00 0 0 00 0 0 00 0 0 00 0 0 00 0 0 00 0 0 00 0 0 00 0 0 00 0 0 00 0 0 00 0 0 00 0 0 00 0 0 00 0 0 00 0 0 00 0 0 00 0 0 00 0 0 00 0 0 00 0 0 00 0 0 00 0 0 00 0 0 00 0 0 00 0 0 00 0 0 00 0 0 00 0 0 00 0 0 00 0 0 00 0 0 00 0 0 00 0 0 00 0 0 00 0 0 00 0 0 00 0 0 00 0 0 00 0 0 00 0 0 00 0 0 00 0 0 00 0 0 00 0 0 00 0 0 00 0 0 00 0 0 00 0 0 00 0 0 00 0 0 00 0 0 00 0 0 00 0 0 00 0 0 00 0 0 0
0 0 0 00 0 0 00 0 0 00 0 0 00 0 0 00 0 0 00 0 0 00 0 0 00 0 0 00 0 0 00 0 0 00 0 0 00 0 0 00 0 0 00 0 0 00 0 0 00 0 0 00 0 0 00 0 0 00 0 0 00 0 0 00 0 0 00 0 0 00 0 0 00 0 0 00 0 0 00 0 0 00 0 0 00 0 0 00 0 0 00 0 0 00 0 0 00 0 0 00 0 0 00 0 0 00 0 0 00 0 0 00 0 0 00 0 0 00 0 0 00 0 0 00 0 0 00 0 0 00 0 0 00 0 0 00 0 0 00 0 0 00 0 0 00 0 0 00 0 0 00 0 0 00 0 0 00 0 0 00 0 0 00 0 0 00 0 0 00 0 0 00 0 0 00 0 0 00 0 0 00 0 0 00 0 0 00 0 0 00 0 0 00 0 0 00 0 0 00 0 0 00 0 0 00 0 0 00 0 0 00 0 0 00 0 0 00 0 0 00 0 0 00 0 0 00 0 0 00 0 0 00 0 0 00 0 0 00 0 0 00 0 0 00 0 0 00 0 0 00 0 0 0
0 0 0 00 0 0 00 0 0 00 0 0 00 0 0 00 0 0 00 0 0 00 0 0 00 0 0 00 0 0 00 0 0 00 0 0 00 0 0 00 0 0 00 0 0 00 0 0 00 0 0 00 0 0 00 0 0 00 0 0 00 0 0 00 0 0 00 0 0 00 0 0 00 0 0 00 0 0 00 0 0 00 0 0 00 0 0 00 0 0 00 0 0 00 0 0 00 0 0 00 0 0 00 0 0 00 0 0 00 0 0 00 0 0 00 0 0 00 0 0 00 0 0 00 0 0 00 0 0 00 0 0 00 0 0 00 0 0 00 0 0 00 0 0 00 0 0 00 0 0 00 0 0 00 0 0 00 0 0 00 0 0 00 0 0 00 0 0 00 0 0 00 0 0 00 0 0 00 0 0 00 0 0 00 0 0 00 0 0 00 0 0 00 0 0 00 0 0 00 0 0 00 0 0 00 0 0 00 0 0 00 0 0 00 0 0 00 0 0 00 0 0 00 0 0 00 0 0 00 0 0 00 0 0 00 0 0 00 0 0 00 0 0 00 0 0 00 0 0 00 0 0 0
0 0 0 00 0 0 00 0 0 00 0 0 00 0 0 00 0 0 00 0 0 00 0 0 00 0 0 00 0 0 00 0 0 00 0 0 00 0 0 00 0 0 00 0 0 00 0 0 00 0 0 00 0 0 00 0 0 00 0 0 00 0 0 00 0 0 00 0 0 00 0 0 00 0 0 00 0 0 00 0 0 00 0 0 00 0 0 00 0 0 00 0 0 00 0 0 00 0 0 00 0 0 00 0 0 00 0 0 00 0 0 00 0 0 00 0 0 00 0 0 00 0 0 00 0 0 00 0 0 00 0 0 00 0 0 00 0 0 00 0 0 00 0 0 00 0 0 00 0 0 00 0 0 00 0 0 00 0 0 00 0 0 00 0 0 00 0 0 00 0 0 00 0 0 00 0 0 00 0 0 00 0 0 00 0 0 00 0 0 00 0 0 00 0 0 00 0 0 00 0 0 00 0 0 00 0 0 00 0 0 00 0 0 00 0 0 00 0 0 00 0 0 00 0 0 00 0 0 00 0 0 00 0 0 00 0 0 00 0 0 00 0 0 00 0 0 00 0 0 00 0 0 0
0 0 0 00 0 0 00 0 0 00 0 0 00 0 0 00 0 0 00 0 0 00 0 0 00 0 0 00 0 0 00 0 0 00 0 0 00 0 0 00 0 0 00 0 0 00 0 0 00 0 0 00 0 0 00 0 0 00 0 0 00 0 0 00 0 0 00 0 0 00 0 0 00 0 0 00 0 0 00 0 0 00 0 0 00 0 0 00 0 0 00 0 0 00 0 0 00 0 0 00 0 0 00 0 0 00 0 0 00 0 0 00 0 0 00 0 0 00 0 0 00 0 0 00 0 0 00 0 0 00 0 0 00 0 0 00 0 0 00 0 0 00 0 0 00 0 0 00 0 0 00 0 0 00 0 0 00 0 0 00 0 0 00 0 0 00 0 0 00 0 0 00 0 0 00 0 0 00 0 0 00 0 0 00 0 0 00 0 0 00 0 0 00 0 0 00 0 0 00 0 0 00 0 0 00 0 0 00 0 0 00 0 0 00 0 0 00 0 0 00 0 0 00 0 0 00 0 0 00 0 0 00 0 0 00 0 0 00 0 0 00 0 0 00 0 0 00 0 0 00 0 0 0
0 0 0 00 0 0 00 0 0 00 0 0 00 0 0 00 0 0 00 0 0 00 0 0 00 0 0 00 0 0 00 0 0 00 0 0 00 0 0 00 0 0 00 0 0 00 0 0 00 0 0 00 0 0 00 0 0 00 0 0 00 0 0 00 0 0 00 0 0 00 0 0 00 0 0 00 0 0 00 0 0 00 0 0 00 0 0 00 0 0 00 0 0 00 0 0 00 0 0 00 0 0 00 0 0 00 0 0 00 0 0 00 0 0 00 0 0 00 0 0 00 0 0 00 0 0 00 0 0 00 0 0 00 0 0 00 0 0 00 0 0 00 0 0 00 0 0 00 0 0 00 0 0 00 0 0 00 0 0 00 0 0 00 0 0 00 0 0 00 0 0 00 0 0 00 0 0 00 0 0 00 0 0 00 0 0 00 0 0 00 0 0 00 0 0 00 0 0 00 0 0 00 0 0 00 0 0 00 0 0 00 0 0 00 0 0 00 0 0 00 0 0 00 0 0 00 0 0 00 0 0 00 0 0 00 0 0 00 0 0 00 0 0 00 0 0 00 0 0 00 0 0 0
0 0 0 00 0 0 00 0 0 00 0 0 00 0 0 00 0 0 00 0 0 00 0 0 00 0 0 00 0 0 00 0 0 00 0 0 00 0 0 00 0 0 00 0 0 00 0 0 00 0 0 00 0 0 00 0 0 00 0 0 00 0 0 00 0 0 00 0 0 00 0 0 00 0 0 00 0 0 00 0 0 00 0 0 00 0 0 00 0 0 00 0 0 00 0 0 00 0 0 00 0 0 00 0 0 00 0 0 00 0 0 00 0 0 00 0 0 00 0 0 00 0 0 00 0 0 00 0 0 00 0 0 00 0 0 00 0 0 00 0 0 00 0 0 00 0 0 00 0 0 00 0 0 00 0 0 00 0 0 00 0 0 00 0 0 00 0 0 00 0 0 00 0 0 00 0 0 00 0 0 00 0 0 00 0 0 00 0 0 00 0 0 00 0 0 00 0 0 00 0 0 00 0 0 00 0 0 00 0 0 00 0 0 00 0 0 00 0 0 00 0 0 00 0 0 00 0 0 00 0 0 00 0 0 00 0 0 00 0 0 00 0 0 00 0 0 00 0 0 00 0 0 0
0 0 0 00 0 0 00 0 0 00 0 0 00 0 0 00 0 0 00 0 0 00 0 0 00 0 0 00 0 0 00 0 0 00 0 0 00 0 0 00 0 0 00 0 0 00 0 0 00 0 0 00 0 0 00 0 0 00 0 0 00 0 0 00 0 0 00 0 0 00 0 0 00 0 0 00 0 0 00 0 0 00 0 0 00 0 0 00 0 0 00 0 0 00 0 0 00 0 0 00 0 0 00 0 0 00 0 0 00 0 0 00 0 0 00 0 0 00 0 0 00 0 0 00 0 0 00 0 0 00 0 0 00 0 0 00 0 0 00 0 0 00 0 0 00 0 0 00 0 0 00 0 0 00 0 0 00 0 0 00 0 0 00 0 0 00 0 0 00 0 0 00 0 0 00 0 0 00 0 0 00 0 0 00 0 0 00 0 0 00 0 0 00 0 0 00 0 0 00 0 0 00 0 0 00 0 0 00 0 0 00 0 0 00 0 0 00 0 0 00 0 0 00 0 0 00 0 0 00 0 0 00 0 0 00 0 0 00 0 0 00 0 0 00 0 0 00 0 0 00 0 0 0
0 0 0 00 0 0 00 0 0 00 0 0 00 0 0 00 0 0 00 0 0 00 0 0 00 0 0 00 0 0 00 0 0 00 0 0 00 0 0 00 0 0 00 0 0 00 0 0 00 0 0 00 0 0 00 0 0 00 0 0 00 0 0 00 0 0 00 0 0 00 0 0 00 0 0 00 0 0 00 0 0 00 0 0 00 0 0 00 0 0 00 0 0 00 0 0 00 0 0 00 0 0 00 0 0 00 0 0 00 0 0 00 0 0 00 0 0 00 0 0 00 0 0 00 0 0 00 0 0 00 0 0 00 0 0 00 0 0 00 0 0 00 0 0 00 0 0 00 0 0 00 0 0 00 0 0 00 0 0 00 0 0 00 0 0 00 0 0 00 0 0 00 0 0 00 0 0 00 0 0 00 0 0 00 0 0 00 0 0 00 0 0 00 0 0 00 0 0 00 0 0 00 0 0 00 0 0 00 0 0 00 0 0 00 0 0 00 0 0 00 0 0 00 0 0 00 0 0 00 0 0 00 0 0 00 0 0 00 0 0 00 0 0 00 0 0 00 0 0 00 0 0 0
0 0 0 00 0 0 00 0 0 00 0 0 00 0 0 00 0 0 00 0 0 00 0 0 00 0 0 00 0 0 00 0 0 00 0 0 00 0 0 00 0 0 00 0 0 00 0 0 00 0 0 00 0 0 00 0 0 00 0 0 00 0 0 00 0 0 00 0 0 00 0 0 00 0 0 00 0 0 00 0 0 00 0 0 00 0 0 00 0 0 00 0 0 00 0 0 00 0 0 00 0 0 00 0 0 00 0 0 00 0 0 00 0 0 00 0 0 00 0 0 00 0 0 00 0 0 00 0 0 00 0 0 00 0 0 00 0 0 00 0 0 00 0 0 00 0 0 00 0 0 00 0 0 00 0 0 00 0 0 00 0 0 00 0 0 00 0 0 00 0 0 00 0 0 00 0 0 00 0 0 00 0 0 00 0 0 00 0 0 00 0 0 00 0 0 00 0 0 00 0 0 00 0 0 00 0 0 00 0 0 00 0 0 00 0 0 00 0 0 00 0 0 00 0 0 00 0 0 00 0 0 00 0 0 00 0 0 00 0 0 00 0 0 00 0 0 00 0 0 00 0 0 0
